308 301 269 204 272 301 298 300 339 242 345 331 262 269 341 237 
384 395 400 360 438 496 465 484 461 433 392 500 376 392 444 500 
256 298 392 232 351 408 368 345 345 257 305 396 326 345 276 328 
376 384 365 284 343 327 343 358 353 272 386 343 316 322 360 389 
246 258 164 249 292 291 227 250 252 267 237 318 260 228 295 201 
281 221 317 206 298 307 306 283 310 222 333 297 242 293 294 348 
408 358 419 331 443 444 445 391 396 342 416 508 341 392 392 443 
337 295 375 236 344 374 365 354 407 318 392 380 295 306 384 328 
231 241 226 246 332 357 274 260 322 296 247 343 256 296 340 300 
249 253 238 215 228 245 253 282 224 207 239 260 258 216 232 221 
343 320 330 281 302 348 390 336 399 330 393 371 356 308 424 449 
323 266 330 195 282 320 315 312 367 251 324 317 276 274 350 319 
233 318 317 279 278 310 334 341 293 339 293 368 247 269 303 308 
336 300 305 209 268 362 353 307 342 272 325 358 247 254 377 358 
349 374 381 297 385 406 457 384 464 372 365 481 389 376 402 394 
239 298 340 213 283 362 336 315 322 262 234 344 280 319 317 305 
