2 0 0 0 0 0 0 0 0 0 0 0 0 0 0 0 
0 32 0 0 0 0 0 0 0 0 0 0 0 0 0 0 
0 0 25 0 0 0 0 0 0 0 0 0 0 0 0 0 
0 0 0 9 0 0 0 0 0 0 0 0 0 0 0 0 
0 0 0 0 35 0 0 0 0 0 0 0 0 0 0 0 
0 0 0 0 0 2 0 0 0 0 0 0 0 0 0 0 
0 0 0 0 0 0 45 0 0 0 0 0 0 0 0 0 
0 0 0 0 0 0 0 64 0 0 0 0 0 0 0 0 
0 0 0 0 0 0 0 0 72 0 0 0 0 0 0 0 
0 0 0 0 0 0 0 0 0 0 0 0 0 0 0 0 
0 0 0 0 0 0 0 0 0 0 0 0 0 0 0 0 
0 0 0 0 0 0 0 0 0 0 0 35 0 0 0 0 
0 0 0 0 0 0 0 0 0 0 0 0 24 0 0 0 
0 0 0 0 0 0 0 0 0 0 0 0 0 10 0 0 
0 0 0 0 0 0 0 0 0 0 0 0 0 0 48 0 
0 0 0 0 0 0 0 0 0 0 0 0 0 0 0 14 
