0 0 0 0 0 0 0 0 0 0 0 0 0 0 0 0 
0 0 0 0 0 0 0 0 0 0 24 0 0 0 0 0 
0 48 72 48 0 0 0 18 64 0 0 0 0 0 6 0 
0 12 18 12 0 0 21 0 16 0 0 0 9 0 0 0 
0 0 0 0 21 0 0 0 0 0 0 0 0 0 0 0 
0 0 0 0 0 0 0 12 0 0 0 0 0 0 4 0 
0 0 0 0 0 7 0 0 0 0 0 0 56 0 0 63 
0 0 0 0 0 0 0 12 0 0 0 0 72 0 4 0 
0 0 5 0 0 0 21 0 0 0 0 0 0 0 0 0 
0 0 6 0 0 0 0 0 0 0 0 0 0 0 0 0 
0 0 0 0 0 0 35 0 0 0 0 0 0 0 0 0 
0 0 0 0 0 0 0 0 0 0 0 0 0 0 0 0 
0 0 0 0 0 0 0 0 0 0 0 0 0 0 0 0 
0 42 63 42 56 0 0 0 56 0 0 0 0 0 0 0 
0 0 0 0 0 0 0 18 0 0 0 0 0 0 6 0 
0 0 0 0 0 0 0 0 0 0 0 0 0 0 0 0 
