327 285 229 278 329 209 228 331 209 236 311 266 234 265 169 225 
402 356 352 367 418 319 252 477 336 372 366 404 416 335 282 400 
489 396 333 398 465 318 337 510 346 403 342 409 453 335 276 360 
459 357 310 336 383 295 299 417 294 305 424 448 397 307 252 332 
417 361 264 363 415 286 274 407 331 296 309 308 320 296 170 286 
369 224 258 288 323 210 255 323 184 242 228 277 303 248 174 226 
453 288 393 348 413 259 299 443 330 287 343 423 371 298 282 392 
352 258 268 313 336 190 172 340 254 220 266 334 267 257 196 246 
476 344 376 391 471 335 381 493 284 330 394 420 397 355 294 404 
412 316 367 373 491 330 315 483 366 316 397 423 376 309 336 412 
360 279 278 266 305 238 287 326 260 233 302 346 336 202 193 292 
393 280 294 271 361 245 294 339 245 238 275 296 330 226 191 321 
408 309 309 305 378 272 269 394 305 295 313 363 328 292 279 381 
362 248 276 327 379 284 273 405 278 238 328 338 316 276 223 296 
370 288 329 327 358 185 174 393 325 227 259 334 295 242 201 311 
433 307 363 355 405 313 295 487 360 306 334 398 441 295 235 414 
