325 224 303 336 388 366 205 244 291 287 278 318 249 285 257 294 
254 176 231 289 343 235 229 198 247 325 218 273 191 304 225 207 
298 262 328 419 437 330 278 247 349 365 328 356 295 453 302 366 
222 217 251 327 367 275 199 189 231 237 247 251 237 285 250 257 
273 269 263 308 370 328 233 212 233 267 224 266 209 236 265 231 
223 146 229 183 261 211 176 150 247 173 224 195 188 227 118 143 
232 262 340 415 436 286 271 263 279 320 245 292 312 397 318 317 
381 266 399 416 540 398 358 263 333 421 305 349 374 413 353 273 
338 238 349 355 472 366 281 269 379 298 310 323 275 392 283 299 
344 299 286 354 459 405 254 259 328 324 301 355 266 331 342 307 
263 250 261 334 420 331 252 266 323 301 259 313 277 357 292 294 
422 248 363 410 554 399 344 315 401 382 299 349 365 415 360 251 
413 298 362 421 483 425 299 278 349 397 347 421 299 353 344 335 
364 288 353 424 477 381 301 339 310 396 277 380 272 416 370 344 
257 164 288 302 341 261 231 220 246 262 226 297 273 308 241 261 
249 182 225 273 347 251 204 255 277 246 167 208 194 293 227 179 
