0 0 0 0 54 0 0 0 0 0 0 0 0 6 0 0 
0 0 0 0 0 0 0 0 0 0 0 0 0 24 30 18 
0 0 0 0 0 0 0 0 0 0 0 0 0 0 0 0 
0 0 0 0 0 0 0 0 0 0 0 0 0 0 0 0 
0 0 0 0 0 0 0 0 0 0 0 0 0 15 0 0 
0 0 0 0 0 0 0 10 16 0 0 0 0 0 14 0 
0 0 0 0 0 0 0 0 0 0 0 6 0 0 0 36 
0 0 0 0 18 0 0 0 0 0 0 0 0 18 0 0 
36 0 0 0 0 0 0 0 8 0 0 0 0 0 16 36 
0 0 0 0 0 0 0 0 0 0 0 0 0 0 2 0 
0 0 0 0 0 0 0 0 0 0 0 0 0 27 45 27 
36 0 0 0 0 0 0 0 8 0 0 0 0 0 16 36 
0 0 0 0 0 0 42 0 0 0 0 0 0 0 0 0 
0 0 0 0 0 0 56 0 0 35 0 0 0 30 0 0 
0 0 0 64 0 0 0 0 0 0 0 0 24 0 8 56 
0 0 0 0 0 0 49 0 0 0 0 0 0 12 30 18 
