0 0 0 0 0 0 0 0 0 0 0 0 0 0 0 0 
0 0 0 0 0 6 0 0 0 0 0 0 0 0 0 0 
0 0 0 0 0 0 0 0 0 12 10 0 32 0 40 0 
0 12 0 0 18 0 43 0 0 42 0 0 0 0 0 0 
0 0 0 0 0 0 0 0 0 0 0 0 0 0 0 0 
0 0 0 0 0 0 0 0 0 0 0 0 0 0 0 0 
0 0 0 0 0 0 0 64 0 0 10 0 0 0 40 64 
0 0 0 0 0 0 0 0 0 0 0 0 0 2 4 0 
0 0 0 0 0 30 25 0 0 30 14 0 0 0 56 0 
0 0 0 0 0 0 0 0 0 0 0 0 0 0 0 0 
0 0 0 0 0 0 0 0 0 0 0 0 0 0 0 0 
0 0 0 0 0 0 25 0 0 30 0 0 0 0 0 0 
0 0 0 0 0 0 0 0 0 0 0 0 0 0 0 0 
0 0 0 0 0 0 0 64 72 18 81 0 48 0 43 32 
0 0 0 0 0 6 0 0 0 0 4 0 0 0 16 0 
0 0 0 0 0 0 30 0 0 36 0 0 0 0 0 0 
