21 0 0 0 0 0 0 0 0 0 0 0 0 0 0 0 
0 0 0 0 0 0 0 0 0 0 0 0 0 0 0 0 
0 0 42 0 0 0 0 0 0 0 0 0 0 0 0 0 
0 0 0 18 0 0 0 0 0 0 0 0 0 0 0 0 
0 0 0 0 64 0 0 0 0 0 0 0 0 0 0 0 
0 0 0 0 0 56 0 0 0 0 0 0 0 0 0 0 
0 0 0 0 0 0 16 0 0 0 0 0 0 0 0 0 
0 0 0 0 0 0 0 0 0 0 0 0 0 0 0 0 
0 0 0 0 0 0 0 0 0 0 0 0 0 0 0 0 
0 0 0 0 0 0 0 0 0 81 0 0 0 0 0 0 
0 0 0 0 0 0 0 0 0 0 42 0 0 0 0 0 
0 0 0 0 0 0 0 0 0 0 0 18 0 0 0 0 
0 0 0 0 0 0 0 0 0 0 0 0 40 0 0 0 
0 0 0 0 0 0 0 0 0 0 0 0 0 81 0 0 
0 0 0 0 0 0 0 0 0 0 0 0 0 0 40 0 
0 0 0 0 0 0 0 0 0 0 0 0 0 0 0 2 
