9 0 0 81 111 81 0 49 0 42 0 0 0 54 49 0 72 0 0 35 93 0 45 0 36 0 0 0 49 0 0 0 0 0 0 0 0 0 0 0 10 0 21 28 0 0 0 42 54 0 0 0 0 0 94 54 7 0 0 42 0 0 81 0 
0 32 27 6 0 0 66 0 0 12 0 0 0 4 72 0 0 24 0 0 76 59 20 0 10 96 91 0 0 0 0 0 16 21 0 0 0 0 0 16 72 0 0 0 14 20 29 0 0 10 22 28 0 0 33 0 0 0 24 0 16 28 0 0 
63 96 0 6 0 24 16 0 8 0 0 0 0 0 21 0 0 54 0 0 74 0 0 0 54 0 48 63 0 18 72 0 34 0 8 0 0 0 0 14 21 0 0 45 0 30 0 12 18 0 0 0 8 8 18 0 0 4 36 0 14 0 0 9 
54 0 15 2 0 0 14 0 0 36 0 0 0 0 0 0 0 0 0 0 0 0 0 0 0 64 75 0 0 0 0 0 0 5 0 0 0 0 0 0 0 0 0 0 0 0 15 0 0 30 28 20 0 56 0 0 0 0 0 0 0 0 0 2 
69 0 0 0 7 0 0 0 0 18 0 0 81 0 0 0 0 0 36 0 0 0 0 0 36 12 15 105 0 12 48 0 0 0 0 0 0 0 14 0 0 0 0 30 0 0 0 0 0 51 9 56 0 90 0 0 18 7 0 0 0 0 0 6 
0 0 0 0 0 0 0 0 0 0 0 0 0 0 0 0 0 0 0 0 0 0 0 0 0 0 0 0 0 0 0 0 0 0 0 0 0 0 0 0 0 0 0 0 0 0 0 0 0 0 0 0 0 0 0 0 0 0 0 0 0 0 0 0 
0 6 0 0 0 42 12 0 0 0 0 0 0 0 0 0 54 18 40 0 0 0 20 0 0 20 6 0 0 96 0 0 0 0 40 0 0 0 0 0 15 34 0 6 0 0 30 9 8 0 30 64 0 0 0 0 0 0 0 24 48 56 24 79 
18 48 3 3 26 24 25 0 8 6 54 0 0 0 24 0 21 0 36 0 0 0 0 0 0 0 0 0 0 0 0 0 27 21 0 0 0 36 12 0 48 0 0 0 18 0 0 0 0 0 8 36 8 8 0 16 22 26 0 0 0 42 0 15 
0 0 0 9 0 63 0 0 0 0 0 45 0 0 0 0 0 27 0 0 0 0 81 36 0 72 0 0 0 36 0 0 21 0 0 54 0 0 0 6 0 0 0 0 27 0 0 0 0 0 0 0 0 0 0 0 0 12 0 0 75 0 0 0 
0 0 72 24 8 0 0 43 0 0 9 1 0 5 0 0 0 72 8 0 48 0 0 0 0 40 117 0 42 6 0 12 40 5 32 0 0 6 2 0 4 0 0 12 0 0 39 48 120 0 24 26 0 0 2 0 3 19 0 8 0 11 0 2 
0 0 66 27 0 9 10 0 0 12 0 0 0 45 0 0 0 81 55 0 0 0 20 0 58 40 43 50 0 29 10 4 45 0 51 40 0 0 0 0 0 0 0 0 0 0 0 54 92 64 26 24 0 24 0 4 24 18 0 9 0 18 0 24 
0 0 3 0 3 0 64 0 0 0 0 0 0 54 20 35 0 0 48 0 10 56 0 20 0 8 9 0 35 0 0 0 35 1 0 48 0 0 6 0 0 0 0 40 0 0 3 0 0 0 0 28 0 0 24 0 0 8 0 0 0 32 0 0 
0 0 0 18 0 51 24 0 0 0 40 0 0 0 36 36 0 30 0 120 8 2 72 16 0 0 44 30 28 0 0 56 43 0 84 0 20 0 0 0 76 0 5 32 0 10 25 18 27 0 0 0 0 0 64 0 16 11 0 45 9 3 56 24 
0 48 0 0 0 42 16 0 8 0 0 0 0 0 0 0 0 36 0 0 0 0 0 0 0 0 0 0 0 0 0 0 28 0 0 0 0 0 0 8 15 0 0 0 0 0 0 0 0 0 0 0 8 8 0 0 0 16 0 0 28 0 24 0 
52 0 21 12 0 0 0 0 0 12 0 78 0 0 21 0 32 91 0 0 56 0 0 0 30 40 54 37 0 8 32 48 15 5 60 9 0 0 40 14 21 0 0 20 0 0 15 18 27 8 0 52 0 3 21 15 3 6 0 0 14 0 0 4 
57 0 21 0 56 0 0 7 36 24 0 7 72 53 9 0 0 0 88 21 24 0 27 0 18 16 20 77 0 6 24 0 0 0 81 0 72 0 0 6 15 0 0 15 27 0 0 0 0 52 12 36 0 101 110 0 16 0 0 0 6 28 0 17 
69 0 54 18 18 54 27 0 40 0 27 0 0 0 20 18 108 74 0 0 0 0 0 0 54 20 18 0 0 20 0 0 121 0 24 0 0 0 0 0 55 15 0 0 0 0 25 36 54 139 25 0 0 27 0 0 27 12 21 0 30 0 72 61 
40 0 0 2 0 0 12 21 32 59 104 4 1 25 56 64 0 16 8 32 24 0 0 0 0 30 9 55 21 0 39 28 0 42 115 14 80 0 0 0 8 32 11 6 72 0 12 0 28 72 7 32 0 22 78 10 8 0 56 0 8 8 20 28 
7 0 48 63 69 75 62 35 0 0 0 0 0 42 44 2 56 0 0 16 69 49 0 0 76 0 0 81 35 0 0 14 63 0 18 0 0 0 30 6 9 0 15 20 0 0 0 72 42 64 27 48 0 24 21 0 39 6 0 0 18 28 49 6 
48 13 0 0 21 6 46 8 2 35 0 0 0 0 40 6 119 21 0 48 0 0 8 0 0 0 0 0 0 28 0 42 72 9 54 0 0 0 10 0 0 21 5 0 0 0 35 0 0 0 40 40 2 14 0 0 12 5 2 0 42 0 0 58 
24 24 0 21 72 3 74 21 81 56 0 0 0 18 49 24 28 70 16 64 67 0 0 0 0 28 39 0 21 8 0 56 85 0 100 16 8 0 0 32 14 0 9 30 0 0 0 125 63 56 0 0 1 1 72 112 19 14 0 56 36 24 24 103 
18 0 18 0 48 0 0 60 0 12 0 6 18 57 15 0 0 27 72 0 8 0 0 0 0 8 10 0 0 0 0 0 21 0 0 24 0 0 0 8 3 0 0 0 0 0 0 0 36 10 6 30 0 18 12 0 0 12 36 5 23 24 0 12 
70 0 21 6 0 0 42 0 28 42 0 0 0 24 44 35 0 0 0 0 74 25 0 20 18 28 43 7 35 3 8 2 35 0 63 0 56 0 0 16 24 0 0 45 26 0 20 0 0 76 85 28 0 82 56 0 6 5 0 0 16 0 0 7 
18 0 48 4 55 20 0 77 0 49 0 13 9 34 0 0 0 32 103 0 15 0 0 0 6 8 10 12 0 0 0 0 0 0 0 12 0 0 30 0 0 0 0 0 54 63 0 21 0 18 96 0 81 21 74 47 13 0 0 21 20 20 9 10 
0 0 21 4 0 28 18 56 0 26 0 0 8 7 24 0 0 0 89 0 64 0 36 16 18 158 65 72 0 0 4 0 0 0 7 16 0 0 0 16 56 0 0 0 54 49 0 0 0 0 69 0 63 0 7 8 0 0 0 72 96 8 0 0 
20 48 0 36 18 36 0 0 0 33 0 0 18 12 0 0 16 42 33 49 18 4 68 0 8 43 87 77 0 0 0 0 24 0 0 0 0 0 0 0 34 4 0 0 0 30 0 0 12 18 20 0 0 32 74 7 4 2 36 45 53 8 14 0 
0 0 0 0 0 6 8 0 0 0 0 0 9 70 4 7 0 0 52 0 2 40 16 4 8 32 0 7 7 0 0 0 7 0 0 48 0 0 0 0 5 0 0 8 8 0 32 0 0 44 56 0 0 7 0 0 2 1 0 0 0 0 8 0 
49 1 0 0 0 0 0 8 0 0 45 0 0 0 0 0 36 57 0 0 0 0 8 0 42 0 0 49 0 30 56 0 35 9 0 0 0 30 10 10 20 12 0 35 0 0 20 0 0 0 20 30 0 2 0 0 15 35 2 0 59 35 0 7 
0 0 0 7 0 52 0 0 0 0 0 0 0 0 64 0 45 15 5 0 0 0 0 28 12 56 56 66 0 61 0 0 14 0 5 28 0 0 0 0 40 15 0 0 21 16 65 16 1 0 25 8 0 0 0 0 0 0 0 75 72 6 0 40 
0 16 5 5 0 40 0 0 0 31 15 0 0 0 40 27 0 39 0 0 36 0 0 0 0 54 14 105 0 0 30 0 29 0 0 0 0 5 10 6 58 72 5 0 27 10 0 0 24 0 14 0 0 0 6 7 0 12 12 0 39 0 45 0 
7 0 0 63 63 63 0 7 0 18 45 0 9 42 7 0 56 0 0 0 9 0 0 0 28 54 81 0 7 0 36 0 0 0 63 0 0 30 10 0 20 0 3 4 0 0 0 0 42 0 0 30 0 0 0 0 16 15 0 0 0 107 49 0 
0 0 8 8 0 0 0 0 16 16 0 0 0 0 72 0 0 56 0 0 0 0 45 0 0 53 0 0 0 0 0 0 46 0 0 0 0 0 0 12 68 36 0 0 0 0 0 0 0 16 0 0 0 0 0 0 0 24 0 0 42 18 0 4 
0 0 6 6 8 0 21 19 0 6 0 1 42 5 28 0 0 0 24 0 0 0 0 0 0 0 0 56 0 0 20 0 0 0 0 0 0 0 0 0 24 0 0 0 0 0 0 0 18 16 15 10 0 31 2 0 8 0 12 0 0 4 0 5 
27 0 0 12 18 0 0 0 90 0 64 81 0 48 72 75 36 90 0 0 18 8 0 60 0 36 12 0 63 6 0 54 101 0 70 0 38 0 45 24 18 0 8 72 0 16 0 24 36 72 32 36 0 0 0 30 0 17 56 0 0 18 0 18 
0 0 0 6 0 42 0 0 0 0 0 0 0 0 0 0 0 0 0 0 0 0 0 24 0 48 0 0 0 0 0 0 0 0 0 24 0 0 0 0 0 0 0 0 18 0 0 0 0 0 0 0 0 0 0 0 0 0 0 0 36 0 0 0 
0 0 0 0 0 0 15 0 16 0 0 0 0 63 8 5 0 2 56 40 0 0 0 0 0 8 0 0 0 0 0 35 4 7 45 56 0 0 0 0 4 0 0 0 6 0 0 0 0 16 0 0 0 0 0 0 10 0 0 0 0 0 0 19 
0 5 0 0 0 0 16 40 0 0 0 0 0 0 0 0 0 81 0 0 0 0 72 0 16 64 0 0 0 0 0 0 63 45 0 0 0 0 0 18 0 0 0 0 0 0 0 0 0 0 16 0 0 10 0 0 0 36 10 0 63 0 0 0 
0 0 0 0 0 0 0 27 0 0 9 0 9 0 6 0 0 18 0 0 0 0 0 0 0 0 0 0 0 0 0 0 14 0 0 0 0 6 2 4 4 0 0 0 0 0 0 0 27 0 0 21 0 0 0 0 3 11 18 4 14 7 0 0 
35 0 0 18 40 0 0 0 0 92 135 18 0 0 0 42 0 99 0 0 40 0 0 0 0 0 9 27 0 0 0 0 15 0 12 27 36 0 0 0 0 0 9 0 0 0 0 74 27 63 0 0 0 0 135 117 0 6 49 56 0 0 24 14 
14 0 0 1 15 0 0 101 15 4 0 2 15 30 10 10 0 71 25 0 64 5 0 15 12 30 35 17 56 9 16 0 49 0 0 3 5 0 0 34 20 0 0 26 0 10 32 0 5 0 20 25 0 0 7 30 0 28 65 45 84 15 0 2 
0 0 9 0 15 40 0 0 0 37 15 0 8 0 0 0 0 36 0 0 45 0 0 0 0 48 80 0 0 1 32 2 28 0 56 0 0 5 10 8 0 0 5 0 0 0 0 21 0 0 4 0 0 0 27 27 0 16 0 21 28 64 9 0 
30 0 8 8 0 60 0 35 0 22 12 63 0 0 99 0 28 35 0 14 69 0 18 0 0 4 5 0 35 0 0 42 0 0 42 0 0 4 85 0 68 0 19 20 0 0 0 0 0 5 66 28 0 9 16 0 19 0 0 0 28 0 0 0 
0 72 3 3 12 0 0 64 12 16 0 0 5 30 24 8 0 48 30 0 24 5 64 15 0 66 143 0 0 4 20 0 32 72 35 0 4 0 0 16 48 0 0 0 0 50 0 0 0 0 20 0 0 16 24 20 0 0 99 54 42 52 0 0 
0 46 48 0 0 15 10 0 21 0 45 0 0 0 32 69 0 14 0 0 18 0 0 24 0 62 38 45 42 0 0 0 89 48 24 0 0 30 10 0 42 72 0 48 27 10 0 40 0 16 0 86 5 13 6 0 15 21 12 0 18 59 45 4 
25 0 0 0 0 12 0 0 0 0 117 0 0 0 0 30 0 0 20 0 0 0 0 0 0 0 0 0 0 36 0 0 0 0 20 0 0 48 16 0 32 0 0 0 0 0 0 0 46 45 0 80 0 0 0 0 24 24 35 19 0 80 0 42 
40 48 0 0 0 36 0 0 0 0 72 0 0 0 0 48 0 36 20 0 18 0 0 0 0 0 42 18 0 36 0 0 38 0 20 0 0 0 0 0 20 0 0 0 0 30 0 16 4 72 0 32 0 0 18 0 0 0 92 12 0 24 32 48 
9 0 0 117 81 137 0 0 0 0 0 0 0 99 16 28 72 12 40 0 8 8 0 16 36 0 0 0 28 0 0 0 28 0 0 40 0 0 30 0 0 0 0 32 0 0 0 0 54 0 45 0 0 0 0 0 10 8 0 0 56 12 63 0 
0 0 0 0 0 0 0 0 0 0 0 0 0 0 0 0 0 0 0 0 0 0 0 0 0 0 0 0 0 0 0 0 0 14 0 0 0 0 0 0 0 0 0 0 12 0 0 0 0 0 0 0 0 0 0 0 0 0 0 0 0 0 0 0 
0 30 0 0 0 39 20 21 5 0 0 0 0 0 21 0 0 0 40 0 27 0 20 0 10 40 0 0 21 72 0 0 0 0 40 0 0 0 0 0 0 0 9 12 0 0 0 0 8 0 10 64 5 5 0 0 3 0 0 24 0 48 0 64 
0 0 0 0 0 0 0 0 0 0 72 35 0 0 0 0 0 0 0 0 0 0 63 0 0 0 0 0 0 28 0 0 0 0 0 14 0 48 16 0 32 0 0 0 0 0 0 0 0 0 0 48 0 0 0 0 24 24 0 0 0 56 0 0 
0 0 0 29 0 51 0 0 0 6 0 0 0 0 0 0 54 81 0 0 0 0 0 20 0 40 24 18 0 9 0 0 40 0 32 20 0 0 24 0 0 0 45 45 15 0 0 48 108 0 40 0 0 0 0 2 8 16 0 6 46 0 0 18 
0 16 6 0 35 0 30 2 56 0 36 7 45 46 28 8 0 19 74 64 6 6 21 18 6 76 42 35 0 4 0 56 22 0 72 2 0 24 26 0 46 0 0 0 0 22 0 0 0 76 34 96 0 35 10 8 40 25 54 36 28 36 0 42 
0 8 30 3 29 29 6 56 0 0 3 0 0 0 0 0 0 42 45 0 73 0 12 12 36 48 7 0 56 0 0 0 32 0 0 12 0 1 10 8 0 0 1 16 9 5 32 0 0 40 16 32 0 15 3 20 20 30 6 0 46 0 0 0 
0 0 0 0 2 0 8 9 0 0 0 25 3 0 21 0 0 0 0 0 40 0 61 0 8 32 7 6 0 20 0 0 0 0 0 10 0 0 4 10 20 0 0 0 0 2 5 0 43 0 8 21 0 0 0 0 0 2 6 16 10 0 0 0 
81 3 0 0 0 0 0 24 0 68 0 0 7 0 16 28 0 0 0 0 8 0 24 16 0 78 108 0 28 0 28 0 28 27 49 0 0 0 0 0 0 0 0 32 0 0 0 0 0 45 27 0 0 87 0 0 0 4 6 0 0 56 0 0 
24 0 0 20 53 63 102 0 48 8 0 4 0 72 24 9 28 22 145 128 0 0 72 36 0 96 0 6 0 0 0 63 48 0 81 106 0 0 0 0 28 0 0 0 27 0 0 0 0 48 63 0 0 9 78 46 27 18 0 0 54 0 0 68 
0 0 24 0 0 0 0 64 20 0 0 0 35 18 24 0 0 0 68 0 64 0 0 0 0 0 0 75 0 0 0 0 42 0 45 0 40 0 0 16 24 0 0 0 63 56 0 48 0 12 40 20 72 26 48 0 6 0 0 0 16 0 0 0 
153 5 0 0 0 0 0 40 0 48 51 54 0 0 0 0 54 107 0 0 0 0 40 0 54 32 40 84 0 23 87 36 56 45 36 0 12 18 36 16 12 0 28 70 0 0 0 0 12 40 24 42 0 82 0 0 9 41 10 0 56 21 0 19 
0 0 0 0 0 0 0 0 0 0 0 0 9 0 15 0 0 0 4 0 40 0 0 0 0 0 0 7 0 0 0 0 0 21 0 0 0 0 0 10 15 0 0 0 18 0 0 0 0 4 0 0 0 7 0 0 2 0 0 0 10 0 0 0 
0 2 0 0 0 0 4 0 0 0 81 0 0 42 12 0 0 0 0 0 32 7 0 21 0 0 2 0 0 0 0 0 0 0 0 0 0 54 18 8 48 0 0 2 0 14 0 3 0 0 28 54 0 0 0 0 27 27 49 0 12 63 0 5 
25 0 48 13 75 35 15 0 0 88 45 16 0 0 0 35 0 64 63 40 40 0 0 20 48 40 0 24 0 0 0 35 0 0 45 44 0 0 0 0 0 0 0 0 15 0 0 56 0 109 14 0 0 24 128 140 41 14 35 56 30 0 24 25 
12 0 0 4 9 0 0 63 32 16 0 49 21 16 14 0 16 52 0 0 0 0 9 0 0 0 0 12 0 4 0 24 0 0 96 14 64 0 38 0 0 0 0 0 24 0 0 0 7 0 0 155 0 8 92 20 0 9 42 0 0 0 0 0 
12 34 6 77 0 93 18 0 13 20 0 86 0 0 4 0 16 130 0 0 0 16 72 0 6 4 4 69 0 32 0 24 79 0 24 31 0 0 20 10 7 0 0 4 0 0 0 54 0 16 0 16 5 8 35 25 3 28 0 0 115 24 8 12 
0 3 4 82 0 72 0 32 0 23 64 0 7 1 8 0 0 51 7 0 0 16 24 0 0 36 63 27 0 0 24 0 15 27 54 0 32 0 0 0 8 0 8 0 6 7 0 18 27 0 11 0 9 6 1 3 0 14 6 0 72 72 0 0 
