0 0 7 18 0 0 0 29 0 0 152 13 24 30 0 0 29 0 0 0 0 0 0 54 8 0 59 0 0 5 62 15 16 24 0 0 0 0 11 69 15 0 0 103 96 21 0 0 48 0 4 0 36 28 42 35 66 54 0 0 0 35 0 21 
45 4 45 16 0 58 0 24 0 28 56 40 20 0 8 6 0 0 0 141 0 16 94 109 72 0 0 0 10 0 34 5 12 0 0 45 28 61 0 64 0 8 35 0 0 85 0 24 33 112 0 0 0 72 120 0 0 0 40 0 5 0 0 32 
0 18 12 24 0 0 0 32 0 0 2 0 0 0 0 0 0 0 9 6 8 0 0 0 0 0 50 0 0 0 56 0 18 16 0 0 0 0 0 0 0 0 18 8 12 0 0 0 0 0 0 12 10 0 56 18 0 2 0 0 0 0 0 0 
0 1 16 8 0 0 0 0 14 0 34 0 16 6 0 4 16 30 0 38 2 32 0 9 0 0 28 14 0 0 0 15 2 21 0 0 0 0 0 40 6 16 3 2 12 6 8 21 0 41 36 16 1 47 54 0 9 0 0 16 0 0 0 10 
0 0 72 3 0 0 0 21 36 0 0 0 0 0 0 54 0 63 0 18 24 0 15 0 0 24 0 0 0 0 0 12 42 0 0 0 0 0 18 30 0 0 0 0 0 0 0 0 0 0 36 0 0 24 0 0 27 0 0 72 0 0 21 0 
56 0 8 0 0 21 0 16 0 0 36 0 0 0 0 0 16 7 21 14 0 0 0 0 0 49 49 0 0 0 0 0 0 0 49 42 0 0 0 35 0 0 42 14 0 0 0 0 0 0 0 28 0 0 0 56 3 0 0 8 0 0 0 0 
0 4 0 17 0 0 0 25 48 24 56 0 24 0 42 2 24 0 0 15 6 18 12 42 0 0 24 37 9 0 40 0 14 25 0 0 0 54 0 8 12 14 36 12 6 0 24 12 58 0 0 41 0 0 0 0 20 6 0 24 0 20 0 11 
0 64 56 18 0 0 0 32 14 8 215 0 0 0 0 0 32 49 0 0 12 16 0 69 0 0 7 0 54 0 0 0 54 0 0 0 0 0 0 0 24 0 0 119 108 0 16 12 0 0 3 0 20 0 0 0 110 12 0 56 0 44 0 36 
0 0 0 0 0 0 0 21 0 0 49 0 1 5 0 0 0 0 0 56 0 0 0 0 3 0 0 0 0 0 20 0 0 24 0 0 0 0 8 0 6 7 0 0 24 0 0 0 0 42 4 0 0 63 0 0 4 0 0 8 0 0 0 14 
5 10 8 40 0 0 0 4 4 0 0 25 0 0 20 19 0 3 8 0 0 0 0 0 45 5 2 0 0 0 35 0 30 0 0 6 0 40 6 0 0 0 0 0 0 0 0 0 20 0 0 0 0 0 0 2 0 0 0 0 0 0 0 0 
0 3 0 0 0 0 0 0 18 0 0 0 0 0 4 0 72 0 18 38 0 0 0 0 0 0 31 0 3 0 5 53 0 34 0 0 28 12 9 42 0 24 68 0 21 76 0 0 28 0 1 34 0 7 0 60 28 36 0 16 0 0 0 28 
0 83 0 32 0 0 0 6 121 20 30 32 16 0 0 12 16 0 0 24 42 52 72 72 30 0 16 14 0 0 0 0 0 14 0 28 0 28 4 0 36 38 48 8 0 0 5 30 12 16 92 30 35 10 0 0 0 0 0 0 0 74 36 4 
0 0 56 0 0 0 0 0 56 0 118 0 64 18 24 0 64 49 0 77 0 48 0 27 0 0 64 56 0 0 4 45 0 56 0 0 24 0 28 0 0 0 37 0 0 18 0 63 0 0 0 48 0 81 0 0 21 0 20 56 0 0 0 0 
18 8 0 32 0 18 0 0 56 0 64 20 64 0 16 12 64 0 0 32 0 48 0 0 42 12 106 56 0 0 28 0 24 56 42 0 0 32 12 30 0 0 16 12 0 0 0 0 16 0 0 48 0 0 0 0 0 0 0 0 18 0 8 0 
35 75 4 45 0 0 0 42 74 24 18 0 0 0 52 42 8 0 4 8 0 16 18 42 0 35 32 18 0 40 56 0 15 6 0 42 0 54 3 12 0 0 84 0 0 0 0 18 27 0 0 40 8 0 128 14 0 16 0 64 0 0 0 9 
12 42 57 0 0 36 0 15 56 32 0 3 0 0 0 0 0 0 15 26 0 64 0 0 0 8 74 0 2 15 0 12 0 0 28 36 0 36 0 20 12 16 30 40 10 34 8 48 0 0 0 20 80 0 0 30 0 48 0 0 0 0 0 27 
0 7 24 49 0 0 0 0 42 0 0 0 0 0 0 63 0 0 0 0 16 0 42 0 0 0 36 14 24 0 0 0 84 46 54 0 0 0 21 63 0 0 0 0 24 0 6 42 63 0 42 0 4 64 0 0 0 0 0 0 0 0 0 21 
0 0 4 75 0 0 0 0 72 12 0 0 0 0 30 28 0 0 0 6 0 0 0 21 18 0 0 6 12 0 0 0 0 14 0 0 18 27 0 0 46 54 18 20 0 27 0 54 2 15 30 30 0 0 16 2 0 12 0 48 0 0 0 0 
0 0 36 0 0 0 0 0 0 0 81 48 0 0 5 0 127 0 3 2 24 0 0 54 35 0 99 0 32 0 10 91 0 60 107 25 0 74 4 0 45 0 71 63 156 0 8 0 0 0 2 90 42 62 0 6 54 0 32 0 56 0 36 0 
49 0 0 18 0 21 0 0 24 0 63 0 0 0 0 0 0 0 0 0 39 0 0 42 51 46 35 0 54 24 0 0 0 0 21 48 0 81 0 39 6 0 45 71 170 0 0 0 0 0 0 0 66 0 0 16 42 12 0 0 72 0 0 36 
81 10 48 21 0 0 0 0 0 0 0 54 2 10 0 0 0 42 0 69 7 0 72 81 65 0 0 6 22 0 0 9 15 6 9 0 0 0 0 76 12 0 63 0 0 81 1 18 72 64 0 3 0 38 72 0 26 0 72 64 9 1 0 25 
0 0 0 50 0 0 0 0 12 0 16 0 0 0 8 0 0 0 0 0 0 0 0 5 20 0 80 0 0 0 0 0 0 0 56 40 0 32 0 0 6 48 56 63 0 18 52 36 0 6 1 48 0 0 0 0 10 48 0 0 0 13 0 2 
0 0 0 15 0 0 0 0 10 0 70 21 49 41 0 0 1 0 0 0 0 0 72 72 72 0 0 0 36 0 0 0 28 0 81 0 0 0 0 66 42 0 0 0 0 15 9 30 63 5 0 0 0 54 54 7 28 28 0 56 0 7 0 0 
0 0 0 0 0 0 0 20 0 0 0 0 0 0 0 0 0 0 0 0 0 0 0 0 40 0 0 0 0 0 32 0 0 0 0 0 0 72 0 0 0 0 40 0 48 0 0 0 32 0 0 0 48 0 0 0 0 0 0 0 64 0 0 0 
45 47 48 9 0 0 0 0 60 0 0 54 0 0 0 0 0 0 0 25 67 0 84 144 61 0 72 0 10 0 0 5 0 64 0 0 0 0 0 0 0 0 71 9 48 54 0 18 25 3 63 15 8 0 0 0 0 0 40 0 5 80 0 18 
0 5 14 0 36 0 0 10 7 4 0 2 0 0 0 0 4 0 0 0 0 8 0 0 45 0 1 0 0 10 94 0 42 55 0 0 7 126 16 0 48 0 53 0 102 6 1 6 0 0 8 30 61 56 54 6 0 24 0 0 72 0 12 18 
0 0 4 0 0 0 0 30 6 0 85 0 0 0 0 9 20 0 0 0 0 0 0 0 0 0 21 0 12 0 16 0 7 14 0 0 0 0 3 5 24 0 0 39 0 0 10 0 16 0 6 0 18 4 16 2 25 18 0 0 0 25 0 0 
0 10 0 40 0 32 0 0 64 0 0 25 0 0 20 15 0 0 6 4 72 0 0 0 61 0 35 0 0 64 35 0 30 0 0 7 0 47 1 64 18 0 12 40 64 0 0 0 23 0 0 8 30 0 0 12 0 30 0 0 0 1 9 16 
0 21 29 21 0 22 42 10 124 0 32 0 32 0 0 101 56 0 20 44 36 28 18 0 97 0 38 34 0 42 63 0 78 76 0 9 56 99 42 89 0 0 100 0 80 44 0 18 27 0 82 24 48 36 18 36 0 48 0 0 64 0 0 38 
0 25 0 48 0 0 0 0 81 0 81 36 0 0 0 25 0 0 0 0 14 0 121 127 15 0 0 0 0 0 0 0 14 0 0 0 0 0 0 0 63 103 54 46 8 0 74 0 0 6 111 28 0 0 30 0 51 0 0 0 0 117 0 0 
0 0 0 0 0 0 0 0 0 0 16 0 32 0 6 0 21 16 0 0 0 0 32 32 12 0 0 28 0 0 1 9 0 0 0 0 6 0 7 0 21 0 7 6 0 0 4 0 0 0 0 0 0 0 24 0 10 0 5 0 0 10 12 0 
0 75 0 24 0 0 0 0 82 0 32 24 32 0 0 35 32 0 0 16 16 38 54 54 0 0 32 28 108 35 0 0 0 28 81 0 0 0 0 0 0 0 78 0 48 0 9 0 0 0 54 24 0 54 63 0 0 0 0 0 0 48 0 40 
5 30 54 0 0 0 0 0 0 0 3 0 0 0 0 3 0 0 0 0 42 0 0 45 0 5 81 0 0 0 45 0 33 126 0 6 0 0 18 0 0 21 0 21 108 0 24 0 0 0 18 12 9 63 0 2 0 3 0 0 0 27 0 18 
10 8 0 8 0 0 24 49 36 63 21 16 45 0 0 0 0 0 0 40 0 0 36 36 28 10 2 0 0 0 145 0 0 0 0 12 8 0 0 0 0 15 24 14 0 0 12 0 64 18 52 0 0 15 0 4 0 12 0 0 0 32 0 18 
0 63 32 7 0 0 0 49 0 0 61 0 0 0 0 0 0 28 0 42 56 0 35 36 0 56 0 0 0 0 0 28 63 0 0 0 0 0 0 0 0 0 0 70 48 0 0 0 0 0 0 0 0 0 0 0 48 7 0 32 0 0 49 0 
0 0 16 0 0 0 0 0 0 0 0 0 0 0 0 0 42 0 0 0 0 0 0 0 0 0 0 0 48 0 81 18 63 56 0 0 0 63 0 0 30 0 0 0 0 0 0 0 0 0 0 45 0 0 145 8 0 0 0 0 0 0 24 0 
0 0 32 0 0 0 0 16 127 0 42 0 0 36 18 61 6 0 32 9 0 0 72 72 69 0 0 0 0 0 0 0 35 0 0 0 0 54 63 43 0 0 62 0 36 0 0 0 0 0 30 45 36 20 54 42 0 18 0 72 84 42 16 0 
0 6 48 117 0 0 0 4 0 0 58 0 0 14 0 27 0 42 0 35 0 0 36 21 0 0 4 12 0 0 16 35 37 12 0 0 0 7 0 24 60 81 7 24 0 14 4 85 54 9 45 5 1 63 16 0 28 0 0 48 0 10 0 18 
9 0 62 0 0 9 0 10 49 12 80 2 112 0 18 0 88 28 21 42 32 42 0 21 15 6 157 104 0 10 0 0 0 190 21 49 56 127 7 15 30 0 139 15 66 48 6 0 21 0 9 70 29 0 27 90 24 80 0 0 24 22 63 18 
0 0 34 3 0 0 0 56 2 0 192 4 0 70 0 0 45 0 0 40 0 0 0 24 14 0 0 0 18 20 0 40 0 21 0 0 0 0 24 27 0 0 40 0 0 19 0 62 0 1 0 0 0 72 24 66 0 32 0 0 36 63 16 36 
36 25 0 0 0 32 0 0 99 20 0 24 24 0 0 0 0 48 0 20 72 85 24 36 40 0 27 21 8 64 0 4 0 0 0 0 0 0 0 64 0 0 28 0 91 36 5 30 20 0 63 0 35 0 0 0 0 0 32 0 4 0 0 16 
0 54 64 0 0 0 0 0 0 0 0 0 0 0 0 30 0 56 0 0 0 12 72 72 27 0 7 0 0 30 0 0 0 0 0 0 0 0 0 0 3 0 36 8 0 0 0 0 0 0 0 0 6 0 108 0 24 6 0 64 0 0 0 0 
51 16 0 15 0 6 0 20 72 0 0 62 0 0 0 0 0 0 0 25 0 0 102 117 30 4 34 0 10 0 35 5 0 28 14 0 0 0 0 10 0 0 83 4 0 45 0 0 25 0 84 0 9 0 71 0 12 0 40 0 5 64 0 0 
24 0 0 9 30 24 0 0 49 0 56 0 56 0 0 0 56 0 0 28 6 42 8 8 38 16 112 49 27 0 0 0 0 49 56 0 0 63 0 40 40 0 35 16 60 0 0 0 0 0 0 42 42 0 6 0 0 0 0 0 56 0 10 15 
0 27 64 0 0 49 0 0 0 0 36 0 0 0 0 15 0 56 0 49 0 34 0 24 0 0 0 0 0 15 0 0 0 0 0 0 49 0 0 0 0 0 18 28 32 0 0 42 0 0 0 0 0 0 27 0 48 0 0 64 0 0 0 0 
0 0 72 0 0 48 0 0 14 63 16 24 69 0 0 0 96 4 0 17 0 12 0 0 0 0 79 21 0 0 90 62 0 68 0 72 0 72 24 60 27 0 0 72 54 106 0 0 24 24 9 40 54 75 27 0 24 54 16 0 4 0 0 30 
18 0 0 24 0 0 0 5 160 0 114 12 72 14 18 0 72 0 0 90 0 54 12 39 33 0 72 63 4 0 8 37 0 70 0 0 0 9 0 0 0 0 26 0 6 56 0 97 18 8 3 99 7 63 9 0 3 18 16 72 10 0 0 0 
0 6 0 27 0 7 0 36 81 0 32 0 0 0 18 0 42 3 0 64 0 4 0 0 0 0 99 0 6 0 63 54 0 0 0 0 7 0 0 0 45 48 0 20 30 6 8 6 0 0 0 45 15 0 63 0 20 24 0 72 0 20 24 0 
0 0 0 24 0 0 0 0 0 32 0 0 0 0 48 9 32 0 0 0 0 0 0 56 0 0 8 16 0 0 0 0 0 56 0 49 56 145 7 0 39 27 112 6 0 48 0 0 21 3 15 0 0 0 0 48 0 64 0 0 0 7 63 0 
62 0 0 0 0 0 0 12 0 36 28 18 0 0 54 0 0 0 0 47 0 0 18 90 42 35 0 18 6 0 0 3 0 0 0 42 0 81 48 0 0 4 139 0 0 27 0 0 15 24 0 0 0 20 0 14 0 0 24 0 75 0 32 8 
15 0 128 12 0 63 0 16 4 0 28 12 0 0 0 4 16 45 8 32 8 0 0 0 0 10 37 0 36 0 0 16 0 0 35 72 0 72 6 25 0 4 0 10 24 64 0 0 0 24 0 14 0 20 0 0 18 0 8 48 2 0 0 28 
0 114 6 0 0 0 0 0 110 36 72 0 64 0 98 0 64 0 0 53 46 48 0 63 46 0 91 74 0 0 5 0 72 64 14 10 30 98 53 40 0 0 132 32 12 0 0 0 0 40 0 108 7 20 45 0 0 20 25 48 35 6 12 10 
0 0 0 49 0 0 0 0 45 26 0 0 10 0 20 66 0 0 18 13 6 0 0 21 0 0 2 6 55 0 10 0 42 0 63 0 0 27 18 30 24 48 54 22 18 0 19 0 0 4 56 29 0 66 0 36 0 14 0 8 0 0 0 15 
0 0 0 0 0 0 0 0 9 0 0 0 0 0 59 0 0 0 0 1 0 0 0 35 3 0 27 0 0 0 36 0 21 0 21 15 54 33 63 0 0 0 84 7 0 0 0 0 0 0 7 38 0 0 27 0 0 2 45 8 0 21 0 14 
0 72 50 6 0 0 0 0 0 32 8 0 8 0 48 0 56 50 18 12 16 0 0 56 0 0 39 23 18 0 0 35 72 24 0 0 0 72 7 42 0 0 84 32 30 49 0 0 28 0 0 24 3 0 0 36 40 8 0 32 0 0 0 38 
5 0 0 0 0 0 0 0 0 0 21 0 0 18 0 0 3 0 0 0 0 0 64 64 24 5 0 0 0 0 40 0 0 48 0 6 0 0 16 9 0 0 0 0 48 0 0 0 0 0 8 0 0 56 48 23 0 0 0 0 0 21 0 0 
0 56 0 1 0 0 0 7 63 0 6 4 7 35 12 0 0 0 0 12 8 0 14 9 21 8 0 0 12 0 0 4 54 0 27 0 0 0 0 0 42 0 6 24 0 0 3 0 0 0 9 30 0 18 0 0 28 18 0 104 0 8 7 0 
0 0 28 0 0 0 0 20 0 42 18 10 42 0 0 0 0 40 0 0 0 35 0 0 4 0 29 0 24 20 30 0 8 0 54 0 0 0 0 18 0 0 0 0 21 0 6 0 18 0 49 0 0 36 0 0 0 40 0 0 0 0 0 36 
35 27 0 0 0 0 0 0 45 0 3 0 0 0 10 0 0 0 0 5 0 0 48 48 48 35 0 0 0 0 0 0 27 0 0 42 0 54 0 0 0 0 30 12 36 0 0 0 0 0 0 25 36 0 36 14 0 13 0 40 48 0 0 0 
0 54 0 27 0 0 0 36 0 0 0 0 5 25 0 30 0 0 0 18 0 12 0 0 55 0 36 0 0 30 63 0 0 0 0 0 0 72 0 48 30 0 76 0 48 0 0 0 0 48 0 0 57 24 171 0 20 0 0 40 64 0 0 12 
0 0 0 0 0 0 0 0 0 0 0 0 0 0 0 0 0 0 0 0 0 0 0 0 25 0 0 0 36 0 0 0 0 0 81 7 0 52 1 0 3 0 25 0 30 0 9 0 3 0 0 0 30 54 0 0 0 0 0 0 40 1 9 0 
15 0 0 22 0 15 0 42 0 0 0 0 0 0 36 0 0 0 0 36 48 0 30 0 0 58 102 0 16 0 6 24 0 0 71 0 36 0 42 25 27 24 42 110 0 0 28 0 0 0 0 0 54 24 0 0 0 78 30 0 0 0 42 0 
0 0 36 8 0 0 0 88 54 0 68 0 0 0 0 72 24 0 36 43 0 0 0 0 0 0 2 0 0 0 64 0 42 0 0 0 0 0 45 102 0 14 0 14 0 0 12 0 64 84 36 0 0 70 81 0 0 12 0 0 0 0 0 22 
0 12 64 0 0 0 0 12 66 0 0 24 0 0 0 12 0 59 24 0 0 30 54 54 0 0 18 0 0 0 45 0 35 0 0 0 0 35 18 0 0 0 36 0 18 0 0 0 0 0 96 25 0 0 45 0 15 0 0 40 0 48 0 0 
