1392 1214 1198 1359 1039 1408 1372 1289 1471 1253 1427 1328 1255 1519 1056 1327 1367 1319 1142 1208 1161 1314 1158 1204 1498 1473 1169 1258 1079 1228 1412 1279 1502 1240 1494 1337 1228 1231 1162 1207 1347 1336 1401 1340 1360 1424 1490 1501 1443 1095 1280 1206 1105 1165 1403 1105 1290 1154 1225 1032 1448 1354 1331 1407 
1198 1179 1138 1292 1085 1168 1266 1224 1250 1192 1391 1221 1089 1349 943 1336 1347 1287 1027 1186 1170 1198 1053 1224 1184 1340 1088 1236 1249 1167 1248 1126 1324 1185 1459 1200 1181 1248 1155 1190 1213 1217 1245 1232 1216 1301 1365 1330 1183 1014 999 1184 1221 1172 1399 996 1342 1161 982 1150 1144 1391 1340 1290 
1473 1289 1320 1479 1262 1469 1414 1348 1455 1391 1435 1276 1269 1511 1150 1310 1488 1299 1212 1277 1373 1386 1065 1428 1468 1386 1182 1404 1209 1280 1316 1380 1436 1338 1460 1431 1373 1286 1227 1192 1239 1543 1593 1511 1404 1537 1401 1596 1407 1098 1267 1281 1292 1205 1518 1224 1321 1162 1328 1201 1254 1553 1377 1385 
1366 1340 1296 1541 1238 1496 1390 1450 1436 1371 1622 1390 1187 1600 1202 1360 1410 1381 1413 1317 1294 1306 1159 1265 1392 1633 1280 1293 1078 1217 1248 1398 1395 1385 1404 1327 1298 1324 1233 1292 1387 1359 1508 1457 1516 1307 1384 1525 1363 1028 1286 1377 1342 1210 1430 1244 1483 1236 1259 1188 1291 1639 1553 1422 
1187 1072 964 1346 1005 1134 1258 1304 1194 1137 1360 1160 999 1396 1106 1126 1252 1141 1164 1197 1251 1138 982 1185 1152 1276 1131 1137 1008 1167 1132 1137 1239 1090 1283 1240 954 1024 1073 1046 1170 1235 1349 1253 1272 1262 1284 1381 1199 921 1044 993 1091 1145 1364 980 1230 1011 1030 894 1104 1115 1279 1213 
1302 1331 1182 1503 1192 1498 1431 1363 1475 1391 1486 1457 1261 1504 1169 1309 1352 1439 1190 1341 1306 1406 1225 1322 1425 1571 1145 1378 1131 1293 1362 1379 1536 1398 1499 1404 1440 1361 1217 1340 1279 1508 1606 1490 1452 1597 1516 1683 1456 1077 1307 1378 1337 1102 1535 1203 1340 1165 1327 1279 1252 1439 1513 1331 
1403 1388 1354 1545 1331 1363 1573 1636 1453 1359 1563 1395 1281 1649 1256 1433 1513 1450 1272 1438 1486 1553 1271 1510 1601 1487 1381 1222 1208 1334 1279 1439 1548 1295 1645 1374 1269 1420 1285 1366 1253 1560 1398 1344 1466 1543 1550 1576 1420 1123 1314 1344 1407 1364 1532 1283 1284 1132 1224 1280 1239 1626 1620 1540 
1284 1235 1172 1524 1156 1338 1392 1320 1431 1278 1474 1288 1205 1573 1145 1244 1250 1212 1195 1395 1369 1204 1104 1337 1467 1365 1139 1356 1268 1308 1257 1248 1448 1306 1605 1368 1142 1308 1061 1160 1256 1317 1448 1351 1250 1348 1426 1608 1339 1079 1083 1224 1293 1276 1509 1097 1289 1121 1189 1072 1227 1343 1353 1466 
1331 1165 1146 1343 1092 1270 1291 1253 1160 1131 1317 1183 1018 1415 1020 1198 1233 1145 979 1201 1261 1158 931 1197 1324 1246 1086 1280 1157 1179 1109 1206 1289 1206 1424 1241 1136 1161 1031 1174 1197 1375 1333 1359 1261 1364 1230 1323 1231 1015 1000 1261 1258 1099 1362 962 1181 1078 1081 1049 1176 1345 1290 1318 
1232 1132 1217 1589 1120 1341 1345 1340 1403 1279 1543 1236 1108 1407 1123 1352 1391 1246 1226 1221 1322 1204 1138 1315 1319 1378 1155 1298 1162 1231 1291 1237 1418 1291 1389 1289 1155 1249 1246 1201 1255 1267 1429 1427 1432 1354 1431 1521 1286 997 1156 1186 1314 1186 1333 1145 1254 1088 1149 1123 1219 1431 1334 1271 
1090 1021 961 1316 1086 1165 1234 1230 1245 1126 1312 1176 1015 1437 942 1148 1197 1042 972 1133 1217 1022 897 1173 1145 1260 1055 1146 1064 1121 1126 1047 1314 1168 1159 1169 1079 1044 1146 1070 998 1111 1323 1193 1209 1286 1207 1305 1129 905 934 1079 1069 970 1242 911 1115 980 1068 930 997 1269 1159 1138 
1120 1011 1102 1175 1024 1081 1202 1108 1319 1059 1293 1091 999 1321 966 1191 1199 1025 1108 1216 1155 1107 876 1122 1220 1151 915 1153 1004 1186 1007 1152 1105 934 1266 1258 1020 1102 964 961 1146 1110 1139 1214 1181 1134 1130 1239 1094 904 1020 1016 1081 1026 1235 967 1032 883 1012 824 1149 1187 1210 1060 
1356 1286 1285 1433 1226 1256 1303 1404 1387 1260 1452 1194 1258 1395 1109 1278 1342 1255 1099 1361 1390 1365 1223 1337 1361 1339 1259 1253 1259 1114 1215 1314 1528 1235 1574 1269 1218 1253 1237 1226 1171 1456 1468 1352 1232 1323 1338 1518 1167 1100 1181 1259 1275 1103 1513 1186 1302 1104 1112 1253 1127 1427 1325 1426 
1232 1193 987 1151 986 1099 1144 1193 1193 1063 1264 1133 954 1173 941 1038 1097 1106 1030 1143 1211 1228 967 1133 1157 1163 1016 1052 988 1100 1228 1120 1310 1062 1352 1137 1042 1063 1140 1133 1114 1304 1246 996 1046 1246 1332 1352 1147 821 956 1061 1003 1032 1303 1072 990 994 991 963 1116 1192 1263 1214 
1414 1403 1243 1554 1130 1423 1456 1513 1601 1422 1561 1453 1400 1766 1360 1250 1405 1319 1237 1535 1461 1403 1186 1421 1406 1680 1183 1376 1253 1296 1262 1481 1452 1297 1622 1477 1408 1429 1245 1311 1365 1482 1619 1496 1502 1433 1519 1690 1339 1225 1308 1385 1381 1282 1674 1281 1329 1281 1178 1278 1304 1574 1494 1571 
1221 1174 1157 1355 1074 1154 1403 1324 1137 1203 1350 1188 1114 1409 1137 1288 1270 1137 1017 1328 1260 1137 1069 1271 1350 1326 1114 1218 1207 1193 1259 1154 1374 1189 1467 1311 1193 1243 995 1131 1229 1244 1222 1267 1207 1377 1360 1403 1211 977 1072 1191 1185 1074 1449 1039 1200 1092 1158 1034 1203 1253 1342 1373 
1234 1264 1193 1173 1064 1242 1160 1262 1268 1113 1210 1178 1270 1348 1064 1097 1242 1136 1066 1207 1242 1195 1056 1120 1314 1302 954 1125 1001 1235 1161 1241 1238 1135 1448 1286 1121 1216 997 1166 1159 1294 1248 1239 1142 1221 1315 1316 1245 975 1055 1172 1096 1017 1427 1139 1054 963 965 1083 1099 1242 1340 1420 
1375 1322 1175 1553 1150 1332 1443 1319 1412 1336 1400 1261 1291 1618 1159 1371 1373 1283 1111 1499 1292 1326 1093 1363 1518 1494 1259 1180 1270 1206 1211 1426 1629 1304 1462 1296 1308 1391 1181 1343 1300 1415 1454 1243 1346 1393 1485 1599 1436 1094 1161 1364 1364 1118 1493 1125 1205 1199 1236 1136 1328 1541 1447 1505 
1426 1287 1232 1549 1252 1384 1522 1331 1497 1395 1560 1351 1224 1473 1220 1444 1478 1321 1140 1344 1404 1290 1140 1467 1407 1496 1309 1437 1207 1251 1470 1396 1572 1298 1610 1434 1356 1311 1279 1416 1318 1557 1628 1427 1306 1517 1482 1570 1401 1092 1306 1300 1314 1012 1659 1044 1341 1253 1292 1181 1407 1459 1430 1364 
1291 1312 1289 1409 1145 1360 1371 1276 1515 1249 1442 1262 1169 1464 1087 1443 1341 1274 1194 1307 1254 1272 1138 1211 1363 1479 1074 1323 1265 1079 1172 1395 1264 1241 1505 1251 1291 1280 1069 1190 1383 1292 1268 1426 1242 1317 1398 1505 1237 1010 1171 1365 1272 1187 1367 1195 1275 1108 1164 1117 1293 1427 1441 1381 
1428 1234 1192 1440 1219 1370 1329 1357 1332 1207 1413 1278 1277 1517 1170 1334 1372 1174 1061 1223 1296 1299 1116 1273 1432 1520 1141 1182 1122 1203 1250 1354 1472 1260 1432 1332 1276 1229 1016 1225 1288 1374 1452 1388 1316 1527 1405 1551 1392 990 1274 1240 1181 1136 1459 1185 1293 1110 1188 1026 1395 1309 1410 1432 
1175 1117 1198 1427 1134 1298 1432 1337 1403 1321 1404 1231 1195 1455 1028 1319 1313 1220 1076 1323 1272 1160 1313 1325 1392 1408 1065 1201 1065 1168 1130 1117 1379 1133 1394 1378 1146 1174 1115 1221 1215 1259 1416 1396 1222 1368 1415 1516 1247 976 1038 1272 1243 962 1360 959 1225 1138 1294 1158 1257 1374 1386 1436 
1112 1217 982 1366 1029 1195 1265 1203 1341 1264 1264 1184 1163 1402 1080 1179 1223 1179 1116 1362 1210 1164 1085 1319 1302 1280 1140 1183 1135 1254 1088 1252 1316 1177 1422 1366 1084 1304 1079 1157 1248 1316 1502 1376 1179 1310 1344 1393 1301 1019 996 1224 1256 1131 1512 990 1276 1060 1114 1007 1153 1210 1365 1300 
1617 1521 1398 1628 1375 1499 1560 1503 1715 1572 1624 1490 1446 1760 1348 1460 1578 1489 1427 1624 1613 1654 1263 1597 1687 1731 1339 1503 1382 1506 1470 1559 1788 1491 1705 1524 1422 1446 1419 1506 1495 1744 1657 1570 1588 1567 1774 1920 1580 1292 1360 1512 1489 1419 1806 1389 1488 1388 1426 1302 1618 1789 1713 1640 
1320 1349 1137 1542 1284 1256 1402 1374 1516 1341 1617 1324 1051 1546 1015 1273 1359 1345 1180 1431 1552 1377 1256 1443 1421 1398 1198 1335 1257 1369 1346 1247 1523 1327 1632 1403 1264 1377 1194 1359 1250 1388 1388 1349 1362 1429 1541 1595 1236 1051 1156 1465 1385 1289 1548 1095 1336 1138 1243 1266 1253 1473 1549 1430 
1464 1398 1272 1499 1068 1420 1416 1301 1365 1355 1444 1268 1296 1763 1102 1340 1433 1187 1051 1450 1402 1422 1111 1444 1498 1499 1170 1213 1269 1231 1372 1435 1562 1287 1605 1390 1315 1324 1331 1240 1368 1466 1542 1454 1450 1558 1387 1735 1458 1106 1215 1283 1443 1171 1542 1332 1238 1293 1272 1200 1398 1492 1417 1463 
1258 1181 1156 1445 1056 1271 1211 1276 1298 1131 1443 1281 1154 1375 1111 1169 1270 1130 1106 1094 1186 1245 1085 1208 1398 1296 990 1178 1089 1137 1224 1323 1313 1150 1351 1191 1161 1308 965 1104 1235 1258 1277 1328 1253 1208 1363 1350 1262 992 1126 1249 1236 1099 1336 1134 1148 985 1148 1023 1296 1272 1378 1384 
1143 1009 1061 1205 1046 1028 1224 1110 1261 1227 1298 1201 1007 1357 948 1174 1194 1185 999 1141 1160 959 852 1190 1218 1325 1133 1282 1020 1024 1069 1115 1249 1202 1446 1107 1025 1090 957 1007 1170 1238 1152 1182 1133 1154 1210 1328 1179 980 1003 1106 1104 1038 1448 1027 1134 960 1045 884 1182 1245 1268 1232 
1102 1175 1116 1305 1088 1200 1225 1206 1300 1354 1238 1159 1091 1435 1198 1065 1261 1095 1123 1153 1251 1188 1038 1192 1282 1348 1072 1148 1035 1127 1059 1164 1351 1282 1363 1188 1147 1230 1118 1212 1107 1251 1351 1213 1284 1322 1322 1295 1257 1012 1187 1303 1222 1036 1276 1030 1166 1037 1172 1022 1178 1383 1358 1285 
1279 1243 1072 1387 1078 1252 1316 1277 1279 1054 1507 1214 1080 1370 1098 1264 1261 1068 1173 1164 1277 1153 1062 1249 1196 1387 1132 1218 1063 1212 1245 1174 1323 1175 1584 1329 1092 1217 997 1154 1238 1205 1209 1284 1236 1322 1346 1408 1123 946 1103 1135 1160 1094 1396 1061 1213 1014 1031 952 1298 1246 1275 1287 
1431 1304 1313 1592 1195 1362 1443 1502 1418 1256 1630 1330 1148 1632 1166 1385 1375 1363 1183 1428 1441 1283 1118 1425 1423 1462 1235 1362 1268 1358 1204 1325 1359 1253 1552 1317 1267 1364 1241 1284 1351 1468 1436 1474 1364 1596 1440 1596 1562 972 1159 1249 1364 1281 1532 1257 1362 1239 1160 1259 1223 1507 1510 1524 
1114 974 992 1157 1008 1077 1081 942 1085 1072 1090 883 1035 1122 977 1035 987 997 854 1046 937 1005 820 1117 1246 1118 907 945 904 972 943 1041 1167 1030 1149 983 1028 975 845 1061 873 1257 1135 1017 1011 1140 1163 1125 1215 835 968 1046 964 826 1153 851 928 917 1016 881 1076 1278 1143 1065 
1149 929 1138 1228 1041 1128 1231 1188 1240 1105 1239 1201 1069 1260 1090 1306 1286 1091 964 1077 1222 1075 915 1144 1231 1284 923 1160 1139 1038 1152 1217 1158 1019 1330 1227 1212 1121 959 973 1163 1147 1202 1278 1141 1338 1319 1225 1170 899 1065 1182 1068 1020 1231 1033 1106 1000 986 836 1253 1259 1273 1175 
1440 1305 1299 1485 1168 1333 1409 1360 1483 1329 1541 1238 1213 1477 1227 1289 1439 1321 1181 1287 1412 1394 1179 1430 1418 1421 1209 1354 1166 1236 1370 1377 1454 1276 1712 1421 1256 1329 1243 1221 1368 1483 1453 1465 1418 1454 1467 1596 1357 1070 1297 1265 1261 1157 1613 1371 1215 1095 1226 1183 1434 1486 1509 1382 
1350 1274 1232 1442 1122 1258 1321 1388 1419 1240 1483 1245 1109 1496 1236 1312 1372 1222 1244 1494 1252 1253 1073 1259 1221 1463 1147 1291 1220 1178 1292 1289 1395 1260 1519 1315 1203 1272 1162 1296 1268 1412 1368 1358 1269 1369 1464 1530 1341 1055 1090 1197 1225 1186 1477 1179 1195 1134 1041 1146 1204 1430 1352 1395 
1122 1135 1107 1289 1024 1117 1155 1158 1136 984 1244 1024 1002 1287 846 1050 1082 1077 901 1063 1110 1072 860 1271 1249 1234 922 1121 971 1062 887 1010 1078 1067 1311 991 1052 1100 1011 1062 997 1182 1102 1212 1197 1216 1098 1208 1080 913 1063 1078 1167 1115 1245 1032 1167 903 956 1109 1022 1245 1195 1166 
1472 1333 1303 1535 1131 1392 1393 1373 1475 1213 1594 1347 1231 1635 1185 1300 1342 1244 1193 1392 1436 1327 1086 1481 1520 1565 1205 1449 1260 1353 1340 1386 1471 1256 1682 1405 1335 1362 1216 1222 1404 1493 1521 1480 1452 1564 1354 1543 1448 1053 1281 1367 1298 1199 1647 1264 1336 1219 1244 1160 1500 1461 1523 1359 
1240 1081 1269 1344 1116 1299 1465 1351 1379 1262 1463 1374 1251 1539 1053 1368 1378 1135 1166 1124 1276 1127 1100 1236 1290 1402 1152 1384 1210 1238 1318 1150 1347 1144 1520 1285 1154 1308 1160 1094 1210 1148 1319 1278 1399 1502 1368 1539 1335 1068 1332 1163 1231 1152 1406 1125 1212 1119 1136 1016 1259 1343 1234 1305 
1419 1270 1347 1437 1165 1379 1440 1454 1535 1380 1513 1316 1238 1619 1180 1447 1477 1186 1140 1257 1348 1287 1188 1351 1445 1462 1299 1425 1196 1284 1409 1399 1544 1353 1635 1432 1277 1258 1120 1307 1299 1424 1451 1508 1409 1442 1444 1577 1415 1192 1289 1265 1305 1288 1545 1098 1306 1309 1207 1098 1352 1429 1345 1452 
1332 1234 1233 1428 1040 1231 1314 1453 1301 1179 1453 1242 1209 1552 1092 1360 1359 1205 1103 1248 1232 1236 1013 1376 1389 1359 1161 1267 1073 1272 1264 1382 1368 1173 1447 1362 1241 1278 1151 1179 1239 1257 1310 1294 1342 1303 1323 1472 1283 1057 1102 1105 1325 1151 1494 1119 1163 1153 1159 1086 1196 1373 1350 1382 
1300 1214 1118 1428 1099 1205 1279 1342 1336 1296 1434 1243 1231 1505 1129 1307 1294 1174 1113 1255 1204 1336 1039 1200 1279 1384 1100 1154 1209 1066 1100 1353 1366 1245 1383 1140 1263 1245 1060 1179 1215 1246 1320 1234 1252 1302 1390 1578 1199 1063 1129 1142 1250 1134 1431 1062 1264 1100 1069 977 1188 1348 1295 1310 
1504 1151 1217 1285 1162 1173 1241 1309 1205 1201 1425 1273 1051 1476 1189 1289 1176 1207 1187 1212 1159 1252 909 1206 1164 1437 1119 1335 1077 1158 1275 1247 1276 1180 1443 1290 1198 962 1026 1193 1162 1350 1312 1384 1256 1428 1267 1487 1312 1031 1051 1120 1059 1100 1466 1153 1254 1181 1232 1025 1263 1517 1207 1296 
987 1055 898 1080 948 1042 1118 1098 1224 987 1101 1063 963 1197 804 1078 1142 942 1072 1018 1029 995 748 975 981 1087 857 1085 887 1057 1006 965 1067 945 1100 1041 990 1095 1105 979 1091 1077 1130 1083 1203 1038 1140 1246 1046 861 987 941 998 936 1139 879 1021 797 912 774 954 1077 1141 951 
1137 1209 1115 1206 987 1181 1287 1311 1275 1044 1345 1084 1021 1388 991 1194 1180 1114 1050 1254 1136 1113 1029 1259 1217 1325 1007 1148 1123 1188 1041 1078 1209 1005 1288 1229 1115 1091 1116 1073 1102 1141 1216 1180 1208 1201 1301 1372 1163 1024 1036 1045 1098 1158 1296 974 1225 1189 989 1065 1076 1240 1253 1211 
1358 1313 1361 1629 1227 1472 1551 1625 1454 1389 1598 1400 1346 1645 1288 1386 1542 1330 1424 1424 1489 1442 1267 1543 1477 1558 1363 1240 1159 1305 1369 1462 1562 1359 1601 1478 1349 1364 1240 1337 1249 1493 1507 1492 1543 1515 1523 1565 1296 1082 1330 1357 1414 1264 1468 1234 1260 1156 1289 1347 1281 1635 1417 1451 
1263 1196 1234 1385 1146 1302 1359 1379 1298 1345 1289 1223 1285 1476 1163 1326 1316 1145 1099 1254 1355 1374 1287 1425 1431 1432 1077 1238 1139 1213 1406 1259 1541 1167 1549 1478 1150 1209 1183 1210 1202 1404 1426 1315 1265 1486 1500 1645 1293 1094 1249 1306 1270 1083 1478 1178 1238 1176 1327 1116 1334 1423 1394 1339 
1483 1501 1316 1671 1380 1548 1529 1691 1592 1530 1708 1548 1294 1803 1313 1443 1535 1459 1531 1533 1618 1495 1219 1551 1509 1670 1434 1455 1333 1441 1366 1480 1602 1482 1686 1459 1467 1399 1368 1427 1412 1613 1507 1548 1644 1576 1703 1808 1499 1224 1285 1570 1548 1416 1652 1336 1470 1216 1477 1275 1358 1703 1671 1577 
1224 1217 1105 1308 1023 1136 1300 1291 1302 1217 1217 1210 1158 1284 1099 1152 1353 1133 1013 1199 1229 1252 1005 1283 1320 1254 1013 1124 1081 1110 1183 1285 1271 1171 1365 1301 1208 1178 1027 1180 1173 1383 1372 1384 1127 1331 1278 1279 1178 1098 1014 1174 1091 1055 1512 1018 1103 1056 1092 1173 1158 1248 1335 1369 
1429 1372 1233 1498 1223 1422 1441 1440 1587 1424 1578 1363 1289 1630 1216 1447 1419 1426 1329 1450 1440 1400 1217 1464 1457 1597 1367 1332 1212 1483 1401 1352 1555 1237 1637 1437 1276 1349 1441 1432 1485 1597 1537 1472 1544 1540 1625 1658 1517 1156 1339 1361 1360 1281 1645 1200 1500 1306 1271 1272 1454 1570 1555 1444 
1351 1212 1219 1367 1186 1271 1365 1224 1235 1247 1402 1294 1219 1435 1035 1334 1165 1155 1113 1241 1296 1245 1102 1301 1438 1299 1099 1154 1227 1252 1131 1263 1301 1178 1590 1265 1146 1118 931 1097 1198 1381 1207 1293 1166 1390 1298 1519 1262 1020 1096 1230 1263 1187 1487 1134 1117 1096 1218 1098 1185 1372 1386 1373 
1457 1377 1347 1572 1410 1474 1477 1512 1638 1417 1651 1513 1279 1689 1162 1390 1474 1473 1324 1398 1412 1372 1193 1435 1526 1653 1322 1410 1221 1355 1419 1312 1550 1421 1562 1366 1487 1389 1379 1342 1416 1510 1568 1470 1604 1498 1565 1726 1454 1098 1296 1388 1379 1353 1537 1264 1501 1273 1389 1297 1267 1658 1631 1510 
1342 1239 1230 1515 1226 1394 1376 1456 1382 1360 1371 1381 1283 1615 1147 1320 1443 1237 1179 1226 1427 1295 1157 1422 1455 1518 1151 1245 1225 1298 1416 1277 1609 1344 1605 1370 1148 1196 1243 1314 1348 1457 1397 1347 1459 1454 1604 1630 1394 1178 1287 1357 1365 1396 1518 1233 1269 1182 1262 1168 1395 1406 1452 1446 
1513 1341 1376 1683 1407 1490 1539 1590 1712 1510 1654 1498 1332 1782 1183 1499 1620 1461 1268 1429 1542 1514 1229 1549 1644 1635 1244 1396 1410 1366 1443 1506 1652 1513 1631 1491 1378 1403 1330 1452 1338 1498 1647 1537 1486 1543 1643 1669 1510 1281 1286 1511 1424 1387 1581 1256 1464 1202 1292 1218 1491 1688 1567 1680 
1303 1206 1159 1364 1013 1164 1318 1291 1321 1174 1483 1282 1056 1493 1009 1227 1284 1099 1152 1219 1248 1116 971 1177 1197 1298 1125 1234 1026 1188 1177 1188 1164 1123 1443 1201 1192 1315 1071 1008 1279 1354 1227 1267 1243 1394 1288 1372 1302 887 1090 1148 1180 1087 1356 1078 1173 1050 1110 967 1208 1293 1331 1304 
1327 1272 1295 1520 1132 1248 1382 1419 1318 1284 1411 1173 1236 1555 1181 1359 1329 1362 1224 1354 1314 1282 1052 1373 1399 1456 1208 1319 1194 1313 1200 1362 1473 1282 1427 1333 1164 1293 1096 1289 1295 1295 1280 1284 1310 1287 1351 1368 1228 1060 1181 1276 1212 1258 1443 1164 1307 1065 1211 1221 1310 1560 1257 1507 
1449 1370 1082 1438 1251 1333 1446 1345 1540 1346 1455 1433 1270 1510 1180 1227 1383 1266 1298 1464 1519 1373 1083 1306 1402 1489 1360 1363 1227 1325 1348 1294 1512 1341 1569 1388 1249 1276 1218 1335 1336 1546 1417 1431 1311 1507 1383 1569 1348 1115 1170 1291 1199 1196 1674 1162 1356 1149 1249 1118 1160 1453 1477 1407 
1353 1243 1438 1381 1103 1352 1317 1485 1431 1233 1545 1310 1245 1566 1202 1478 1382 1299 1246 1222 1151 1346 1171 1288 1407 1400 1087 1428 1173 1361 1270 1381 1345 1101 1510 1405 1292 1284 1149 1160 1315 1429 1380 1427 1439 1397 1473 1511 1430 1105 1366 1247 1345 1291 1467 1154 1340 1195 1185 1114 1357 1393 1437 1336 
1110 1135 1163 1209 1005 1166 1174 1276 1289 977 1211 1014 1079 1363 1022 1191 1203 1088 1026 1170 1198 949 963 1242 1207 1230 1037 1258 1031 1185 1042 1206 1241 1082 1314 1215 1141 1252 1088 1085 1117 1211 1243 1294 1215 1189 1180 1263 1175 987 1052 1179 1120 1058 1333 1042 1216 1035 929 1058 1087 1203 1220 1206 
1414 1390 1364 1570 1194 1387 1436 1377 1542 1429 1619 1358 1316 1569 1258 1353 1432 1381 1122 1478 1382 1535 1284 1358 1537 1472 1161 1334 1370 1305 1328 1428 1516 1294 1686 1477 1285 1400 1248 1374 1339 1436 1584 1400 1240 1453 1550 1551 1374 1111 1279 1321 1322 1215 1631 1172 1279 1279 1162 1231 1454 1592 1574 1539 
1120 1052 1137 1172 1059 1072 1152 1068 1270 1141 1270 1140 1102 1232 950 1193 1149 1157 988 1144 1025 1166 1017 1081 1271 1241 967 1128 963 1059 1138 1191 1289 1062 1252 1095 1016 1063 1017 1197 1012 1124 1185 1198 1148 1093 1180 1262 1212 903 984 1060 1077 876 1320 1022 994 997 1002 925 1177 1294 1289 1138 
1289 1139 1088 1394 1152 1233 1300 1347 1330 1195 1409 1364 1123 1357 1083 1212 1248 1157 1063 1048 1270 1216 972 1292 1286 1292 1122 1380 1165 1199 1256 1268 1324 1255 1395 1228 1205 1176 1061 1284 1088 1269 1363 1445 1246 1482 1276 1316 1222 1060 1084 1192 1254 1198 1478 1045 1267 1124 1114 1118 1192 1333 1254 1269 
1462 1238 1256 1434 1271 1309 1396 1292 1290 1266 1404 1299 1181 1393 1111 1341 1307 1215 1047 1264 1331 1327 971 1305 1382 1405 1142 1325 1271 1062 1301 1351 1346 1285 1643 1267 1312 1247 1056 1338 1197 1476 1412 1321 1169 1462 1355 1422 1282 1031 1250 1360 1283 1105 1537 1124 1158 1083 1129 1091 1292 1536 1401 1340 
1172 1071 1079 1267 1004 1187 1262 1279 1173 1074 1203 1099 1016 1232 1068 1297 1130 1050 1019 1120 1127 1179 1060 1152 1366 1256 1001 1004 1031 1031 1167 1281 1254 1062 1432 1136 1023 1145 950 994 1175 1171 1260 1101 1132 1214 1434 1357 1162 837 1139 1152 1124 1031 1210 1050 1094 955 969 849 1203 1179 1304 1199 
1337 1355 1177 1307 1116 1279 1309 1396 1366 1270 1196 1181 1209 1417 1073 1243 1364 1158 1062 1267 1337 1156 1084 1290 1315 1420 1250 1169 1100 1226 1184 1232 1374 1207 1458 1360 1083 1199 1103 1177 1334 1360 1406 1361 1225 1347 1254 1457 1250 1022 1077 1227 1144 1170 1453 1144 1251 1121 1150 1147 1124 1281 1267 1531 
