0 0 0 32 4 3 0 28 0 0 0 0 0 8 0 16 8 0 0 0 16 9 36 72 0 28 0 0 6 43 0 4 7 6 16 8 20 6 0 64 0 0 64 79 20 0 0 64 18 0 8 20 4 0 56 3 72 48 40 0 0 0 0 9 
45 10 101 4 0 0 0 0 27 0 0 0 0 0 48 2 54 12 10 39 0 0 2 5 0 18 0 0 45 56 0 0 0 8 0 0 23 0 0 14 33 27 0 8 0 0 0 64 18 63 0 0 63 7 0 0 0 0 0 0 7 0 0 0 
88 0 0 0 0 23 0 0 0 0 0 0 0 0 54 4 0 0 0 0 2 0 0 0 0 0 8 4 0 0 0 0 0 81 0 0 0 0 0 40 0 0 0 1 0 0 0 0 0 0 63 0 5 0 0 0 16 0 2 0 18 64 0 0 
21 0 0 0 0 32 0 0 0 0 0 0 0 0 0 54 0 0 0 0 0 0 0 0 21 0 0 0 0 0 0 14 0 0 0 0 0 0 28 0 0 0 0 0 84 42 0 35 14 0 113 0 48 0 0 0 0 0 0 63 0 0 0 0 
42 12 0 0 0 0 0 3 0 61 0 42 0 27 0 9 0 42 0 49 0 18 0 0 33 0 0 0 0 63 21 0 0 24 0 18 21 0 4 6 51 12 0 0 3 20 0 5 2 21 9 0 1 24 0 24 6 27 56 9 0 51 3 7 
0 0 9 35 56 6 36 0 0 0 0 0 16 0 0 60 0 0 59 72 63 0 0 0 14 0 0 7 0 0 0 21 49 0 63 0 18 8 0 0 0 0 0 0 0 0 42 0 18 0 12 0 9 14 54 35 10 35 0 0 77 6 0 14 
0 0 0 0 0 0 0 0 0 42 0 0 0 0 0 94 0 31 24 0 18 30 0 15 3 1 0 0 0 0 0 14 0 24 0 0 0 0 0 0 2 0 15 9 63 0 10 0 0 0 63 0 14 0 14 31 15 54 0 0 0 54 0 1 
27 0 0 0 8 36 72 56 54 21 32 0 0 48 28 27 72 15 12 0 18 10 99 64 0 56 0 0 0 0 30 18 0 24 0 12 40 44 0 18 0 12 0 72 0 0 12 0 0 0 0 40 6 0 3 18 4 99 72 4 0 55 0 24 
0 32 0 0 0 0 0 8 0 32 0 0 0 72 0 0 0 0 0 0 0 0 0 0 72 0 0 0 0 0 0 0 0 0 0 0 0 0 0 16 0 0 0 0 0 0 0 0 0 0 24 0 0 64 0 64 0 72 0 0 0 64 0 0 
0 0 0 0 0 0 65 0 0 25 0 0 0 54 0 56 0 63 0 10 0 42 0 21 32 2 0 0 0 9 21 0 0 0 0 25 0 0 0 25 19 3 61 0 0 81 14 0 0 42 49 20 0 30 0 65 54 20 0 0 0 0 7 35 
0 0 0 0 0 0 0 0 0 0 0 0 24 0 0 12 0 0 16 18 0 0 24 30 15 6 0 16 30 50 0 10 0 0 0 0 48 0 20 14 3 9 0 0 60 30 0 25 10 16 20 10 15 74 0 0 0 0 14 45 42 0 0 0 
40 45 48 2 0 64 24 0 36 19 0 0 0 40 93 18 12 6 11 0 3 12 18 0 48 15 0 58 0 1 15 6 0 72 0 0 27 37 20 7 0 0 0 0 24 6 21 17 2 0 0 0 28 5 0 72 0 128 24 9 51 2 0 0 
0 0 0 12 6 0 0 42 0 24 0 0 49 12 0 92 0 0 0 0 28 42 9 84 15 42 0 0 0 48 0 0 49 6 95 8 30 8 4 88 0 0 30 34 5 6 14 29 2 0 49 30 17 0 21 38 27 30 15 9 100 0 0 0 
0 25 0 10 32 9 0 0 0 0 0 0 0 0 0 0 0 30 33 0 0 27 81 0 0 0 0 0 18 9 0 12 0 0 0 0 0 0 0 35 0 0 0 0 0 0 0 0 54 0 0 0 0 8 0 0 0 0 0 0 0 0 0 27 
10 10 45 4 0 0 0 0 0 3 0 27 0 36 0 18 18 54 10 0 18 72 0 4 0 74 5 0 5 111 0 2 0 0 0 0 0 0 0 92 0 0 49 0 0 54 0 0 0 0 0 36 2 0 0 0 10 54 0 0 8 40 0 0 
18 24 0 0 56 42 48 6 63 81 0 18 14 75 0 0 59 18 0 21 6 0 36 0 54 0 0 0 0 60 35 12 0 14 0 35 0 38 0 73 21 14 0 42 27 6 0 0 0 9 18 0 17 48 0 48 0 102 72 0 103 54 0 31 
6 59 0 18 0 0 0 6 0 24 0 0 0 54 0 0 0 42 35 0 0 0 0 5 54 0 3 8 0 7 0 0 0 0 2 0 9 0 0 91 0 0 3 9 0 0 0 8 0 8 18 5 0 48 7 48 15 54 12 0 0 72 0 0 
5 35 0 85 0 45 0 0 3 4 0 0 0 0 0 63 4 49 60 0 18 46 4 20 0 12 6 50 0 0 49 5 0 56 28 42 58 0 0 81 0 28 15 108 4 0 55 36 0 0 0 0 94 0 84 82 99 0 38 0 40 75 7 23 
6 0 0 0 0 0 0 0 0 0 0 0 49 0 0 62 8 0 40 0 28 24 30 12 10 0 0 0 0 0 27 0 35 0 120 0 0 0 0 0 0 0 12 48 0 0 8 0 0 54 28 0 56 0 0 20 0 25 0 0 30 0 9 0 
8 0 0 0 56 0 6 0 0 0 0 0 35 0 0 2 1 0 14 0 22 0 40 0 1 0 0 0 0 5 0 21 0 0 25 5 0 0 0 0 0 0 5 64 0 0 0 0 0 0 0 0 0 20 0 5 0 10 0 0 0 0 0 0 
12 0 9 0 0 0 36 0 0 0 0 0 0 50 0 0 54 0 45 72 135 0 24 24 0 12 36 24 30 21 0 24 0 0 0 81 45 0 0 21 18 0 24 0 0 8 0 0 0 24 0 15 0 0 54 0 0 0 21 0 45 0 0 32 
0 24 0 0 0 1 0 6 0 45 0 0 0 54 0 31 0 15 12 6 9 3 13 10 54 0 0 0 12 1 0 0 0 12 0 0 10 0 0 12 0 0 0 0 0 0 0 0 6 0 18 0 0 62 3 48 0 81 0 0 14 75 0 3 
18 0 0 0 6 6 0 42 0 24 0 0 12 72 0 14 7 0 8 0 30 10 6 48 0 42 0 0 0 101 5 0 0 2 0 20 30 6 0 67 4 2 35 0 0 14 0 0 0 0 0 30 17 16 0 18 4 42 0 0 74 0 0 60 
35 0 0 35 8 0 0 0 0 0 0 21 5 27 63 32 14 30 5 21 18 0 14 35 27 0 0 58 35 73 9 29 0 54 0 6 71 17 0 28 0 0 50 6 0 0 12 0 0 32 24 20 44 52 0 10 0 78 28 0 101 20 3 4 
0 0 0 0 24 0 63 0 0 51 0 21 11 8 0 0 0 0 6 18 32 0 0 0 0 0 0 48 0 54 0 33 0 0 0 39 54 4 0 103 8 0 72 0 0 0 0 0 9 48 24 66 28 6 0 9 5 0 42 0 36 3 3 63 
18 0 0 18 8 4 0 0 0 0 0 0 14 2 0 30 0 0 2 27 16 10 18 45 0 0 39 0 45 0 0 3 30 0 46 9 45 0 0 0 56 0 0 0 0 0 0 0 0 54 20 0 36 65 0 18 4 0 0 0 68 0 0 0 
45 0 45 16 0 30 0 0 27 27 4 0 0 0 0 4 56 0 0 36 4 0 81 20 0 0 0 72 0 127 25 0 63 64 8 82 99 18 0 182 0 10 22 99 18 0 0 32 18 135 0 45 86 0 28 27 36 40 83 0 72 0 0 20 
0 0 0 14 0 15 0 0 0 0 0 0 0 0 0 32 0 0 0 0 4 45 27 0 18 0 7 8 6 3 45 6 0 48 0 36 42 0 20 0 44 24 0 2 42 30 0 25 28 48 16 0 24 0 0 0 6 0 4 45 0 54 7 9 
44 0 47 0 56 0 20 0 21 63 0 30 46 35 36 42 35 30 39 75 91 28 0 0 0 35 7 50 30 94 0 0 0 6 0 84 82 30 0 42 67 0 0 48 28 10 49 76 36 23 0 5 63 0 30 0 34 0 47 0 98 68 0 5 
0 0 73 0 41 0 72 7 39 4 0 15 0 2 0 46 26 0 78 0 6 4 68 8 0 96 0 6 72 30 18 27 0 0 10 72 14 25 0 25 2 6 0 0 4 0 7 4 0 36 0 25 23 10 0 0 0 48 48 0 0 0 6 0 
3 36 0 15 0 0 0 9 0 36 0 0 0 81 0 0 7 0 38 0 0 0 0 0 81 0 0 0 0 0 0 3 0 0 35 0 0 0 0 18 0 0 3 0 0 0 0 0 0 0 27 0 61 72 0 72 0 81 0 0 0 84 0 0 
76 0 54 0 0 0 33 0 27 84 0 0 63 0 0 130 0 45 99 6 63 40 40 10 1 45 2 0 91 3 0 0 0 36 45 86 10 0 0 10 0 0 0 0 27 0 0 0 0 0 0 0 0 20 9 77 20 85 0 0 14 103 0 0 
0 0 0 0 2 20 0 14 0 49 0 0 40 8 0 79 0 35 28 0 45 0 0 16 0 14 0 16 0 0 0 0 0 28 0 18 10 22 0 0 4 0 0 4 0 0 0 0 45 0 0 10 20 0 7 0 25 63 8 0 10 78 0 0 
9 0 0 0 16 0 48 0 54 24 0 0 18 6 6 36 64 7 48 0 6 24 45 16 0 38 2 36 20 28 0 26 0 9 20 0 54 24 0 10 0 0 16 0 24 9 42 24 0 0 0 0 82 28 0 0 4 48 48 0 2 16 0 0 
53 0 0 29 0 0 0 0 0 56 0 48 0 0 0 0 0 60 5 56 0 0 18 5 18 0 0 0 0 72 0 5 14 12 2 16 0 4 24 8 56 0 8 23 22 52 0 38 12 24 0 0 26 0 7 6 9 0 69 54 0 20 0 8 
18 0 0 0 56 21 0 0 0 0 0 0 68 21 0 24 35 0 36 0 0 3 36 0 0 0 0 0 2 82 0 0 0 0 0 21 0 14 0 0 0 0 0 42 0 0 0 0 6 0 58 0 12 72 0 0 0 0 0 0 63 0 0 3 
3 0 20 2 0 2 30 0 12 16 0 12 0 32 36 24 0 0 8 0 0 56 0 0 41 52 1 56 0 24 12 0 0 0 0 25 36 20 0 20 6 0 0 0 16 0 28 16 0 6 7 16 36 34 0 25 0 52 0 0 28 0 0 0 
16 10 0 4 0 8 0 45 0 0 0 0 0 20 30 24 0 12 25 0 0 0 18 0 0 10 8 0 0 15 0 0 14 12 0 16 0 4 20 54 5 15 15 14 4 0 0 30 30 0 16 0 12 0 0 6 16 20 0 0 0 64 0 0 
0 0 68 0 0 0 32 0 42 42 0 12 0 0 0 58 4 10 64 0 7 0 38 0 0 72 0 0 72 28 12 2 0 8 0 72 0 4 0 20 0 0 0 0 36 0 0 0 0 24 0 16 0 0 2 0 0 26 8 0 0 26 4 0 
18 8 0 0 0 0 0 2 12 24 1 0 0 18 0 36 6 0 8 0 12 26 0 0 18 20 0 24 0 30 0 0 0 0 0 0 36 0 0 4 0 0 30 0 16 0 28 16 0 0 6 0 36 16 0 34 4 61 0 0 0 16 0 0 
0 16 0 0 6 0 0 46 0 16 0 0 0 48 0 0 0 0 0 0 0 0 0 48 36 42 0 0 0 0 0 0 0 0 0 0 30 6 0 8 0 0 0 0 0 0 0 0 0 0 12 30 0 32 0 32 0 36 0 0 0 32 0 0 
3 12 7 15 0 54 0 75 0 15 0 0 0 101 54 24 0 49 27 0 0 82 63 9 27 0 0 0 5 44 45 3 49 61 0 74 0 14 32 41 3 18 36 50 14 63 6 56 48 0 30 0 23 24 0 60 0 59 0 0 8 36 0 36 
36 40 0 16 0 0 0 0 0 69 0 36 0 0 0 12 6 84 70 60 0 0 12 30 0 0 0 0 30 108 0 0 0 0 30 0 30 0 0 128 42 0 0 0 0 12 0 0 0 18 0 0 60 42 0 0 0 0 48 0 114 0 0 6 
0 0 0 0 9 0 0 90 0 0 0 0 0 30 18 2 0 0 9 3 0 0 2 77 0 63 5 0 5 9 0 0 5 0 6 0 50 9 12 0 0 0 9 0 0 0 0 18 18 0 2 45 5 7 0 0 0 12 0 0 7 0 0 0 
9 0 0 4 0 6 0 0 0 9 1 0 0 4 0 39 0 11 8 0 3 36 0 5 4 0 0 0 0 0 42 12 14 52 20 54 42 0 0 8 0 24 3 9 0 2 0 8 0 0 21 0 0 0 8 0 9 26 5 0 12 81 20 0 
2 0 0 20 0 12 0 0 0 0 0 0 0 42 0 36 0 49 2 0 0 0 0 0 0 0 5 0 0 7 0 2 0 0 0 0 0 0 0 0 30 0 2 0 0 63 0 0 0 30 24 0 26 0 0 0 0 0 0 0 0 8 0 0 
6 0 0 45 0 4 0 0 0 0 0 35 5 14 0 0 0 0 0 0 56 0 0 0 0 0 0 9 0 0 27 54 0 0 0 68 0 0 0 0 14 0 0 0 63 0 54 0 0 54 82 0 54 0 0 45 0 0 0 0 80 0 14 18 
12 0 28 0 0 13 14 0 0 15 0 0 0 18 24 4 0 0 10 4 34 0 0 0 0 16 0 4 20 28 0 30 0 4 0 81 0 0 0 10 28 24 16 5 0 5 0 32 0 0 28 8 5 0 0 2 0 0 2 0 20 45 35 14 
0 68 48 2 9 82 0 70 0 40 0 35 5 81 0 0 0 0 0 0 0 0 0 72 63 63 1 0 0 24 15 52 0 6 0 11 45 9 16 55 6 6 0 0 54 0 0 0 0 6 85 45 63 56 0 128 0 127 0 0 32 56 5 12 
36 0 0 29 0 0 0 0 0 6 0 0 0 12 0 0 0 0 12 0 0 20 0 0 21 0 2 5 0 0 0 36 0 0 0 54 0 0 0 0 26 0 0 0 0 6 30 0 0 12 0 0 0 0 0 61 50 0 0 0 25 54 42 10 
0 45 21 18 0 0 21 0 0 0 0 0 0 0 0 42 0 102 81 24 21 54 12 0 0 15 0 0 27 0 63 0 0 72 0 81 69 0 0 63 0 36 0 0 0 0 0 0 0 0 0 0 0 0 18 0 0 0 0 0 0 81 9 0 
2 15 81 0 0 34 0 0 0 0 0 35 41 0 54 22 0 0 24 0 4 18 28 3 0 0 0 8 45 117 14 40 0 25 0 17 14 0 6 0 27 8 3 27 0 0 2 72 0 0 47 0 50 48 0 32 0 24 4 0 0 18 7 0 
0 0 12 0 0 4 6 0 0 0 0 0 24 0 0 22 36 0 30 0 0 0 20 16 0 18 0 0 38 36 0 8 0 0 0 18 0 0 0 0 0 0 16 0 0 0 0 0 0 0 8 0 6 32 0 0 0 0 0 0 0 0 0 0 
0 0 0 20 0 0 0 0 0 0 0 0 0 12 0 4 0 0 0 6 48 24 4 35 0 0 0 0 10 0 0 2 0 0 10 54 10 0 0 40 12 0 15 45 9 0 0 40 0 0 4 0 2 14 35 0 45 0 25 0 44 0 0 0 
42 20 0 0 0 0 0 5 0 69 0 42 66 45 0 4 2 42 0 49 28 0 72 0 45 0 0 0 0 73 0 0 56 48 30 64 0 28 0 10 49 0 10 56 16 14 0 0 27 21 15 0 0 40 0 64 15 57 56 0 0 49 0 7 
6 5 0 2 0 18 0 0 0 0 0 0 42 0 0 42 0 6 5 0 24 0 0 0 0 0 45 0 0 0 0 0 45 0 84 0 0 0 0 7 0 0 0 0 0 0 0 0 0 0 60 0 66 0 0 0 0 0 0 0 0 0 0 0 
0 30 36 0 56 48 0 0 36 28 56 49 21 77 49 0 98 48 0 0 0 0 0 0 0 2 0 0 0 4 15 56 0 0 0 28 0 14 12 0 1 3 0 42 36 0 21 0 0 30 56 0 56 0 0 54 0 48 0 7 63 57 12 0 
15 0 0 0 64 6 0 27 0 0 9 0 32 136 99 0 40 42 9 0 48 0 0 0 63 0 0 56 0 9 26 0 0 29 0 80 0 59 12 3 12 2 9 48 0 8 0 18 36 0 0 0 1 7 0 0 10 131 0 0 157 6 0 36 
0 0 0 0 65 0 0 63 27 21 0 0 14 39 0 46 107 1 0 21 0 24 14 151 0 82 0 0 75 3 0 34 0 0 0 21 80 23 0 0 1 3 44 51 108 0 8 0 0 0 64 45 18 49 8 26 9 0 0 0 112 6 0 1 
10 0 10 0 0 0 0 0 6 49 0 0 56 0 0 63 12 35 28 8 21 0 18 0 18 0 0 0 0 0 0 0 14 40 0 16 4 32 0 0 12 0 0 14 4 0 0 0 67 14 0 0 14 0 7 6 71 63 0 0 0 84 0 0 
6 0 0 0 0 0 0 0 0 0 0 0 0 16 0 0 0 0 0 0 0 0 30 0 0 0 0 48 0 42 0 0 0 0 0 0 54 0 0 42 0 0 0 48 0 4 0 0 0 48 0 30 0 0 0 0 0 0 42 0 0 0 0 16 
54 0 0 16 0 42 0 0 0 0 0 0 0 12 0 48 0 0 0 0 48 66 0 18 0 0 8 0 0 0 35 0 0 14 0 68 0 0 0 21 60 14 18 0 0 0 12 0 0 48 42 0 7 0 0 84 12 0 0 0 30 0 0 28 
5 0 15 0 0 0 0 0 3 0 0 6 0 8 9 0 6 0 0 4 0 0 0 0 9 30 0 8 0 12 3 18 0 0 0 0 2 5 0 10 7 21 0 0 81 0 0 0 2 7 36 8 25 1 0 0 0 8 0 0 7 0 0 0 
8 0 0 40 9 0 0 63 0 0 0 0 0 18 0 0 0 0 8 0 0 0 0 72 0 63 0 0 0 0 0 8 0 0 0 0 45 9 0 0 0 0 8 0 0 0 0 0 0 0 0 45 32 0 0 0 0 0 0 0 0 32 0 0 
