1109 1289 1169 1146 1665 1314 1616 1215 1250 1298 1460 1260 1369 1353 1315 1321 1229 1159 1295 1404 1378 1453 1238 1239 1295 1304 1258 1231 1284 1050 1393 1094 1194 1400 1456 1441 1212 928 1425 1505 1402 1219 1097 1415 1033 1343 1098 1160 1246 1155 1324 1292 1034 1080 1445 1327 1087 1227 1297 1304 1309 1302 1159 1280 
1142 1441 1339 1298 1668 1580 1705 1290 1472 1370 1606 1529 1468 1522 1451 1539 1367 1262 1516 1472 1521 1520 1374 1494 1426 1465 1515 1541 1354 1303 1557 1204 1351 1496 1689 1693 1337 944 1496 1756 1499 1272 1234 1544 1274 1434 1318 1161 1533 1478 1399 1381 1243 1374 1432 1390 1324 1509 1376 1344 1419 1482 1284 1281 
1179 1590 1418 1301 1662 1389 1903 1470 1432 1395 1548 1362 1460 1498 1494 1429 1312 1388 1529 1343 1484 1574 1500 1507 1433 1305 1423 1344 1367 1220 1670 1422 1317 1468 1671 1633 1185 1049 1370 1714 1506 1233 1419 1511 1300 1544 1302 1350 1444 1275 1392 1433 1282 1315 1432 1423 1318 1435 1399 1292 1530 1442 1286 1343 
1142 1422 1131 1386 1454 1352 1507 1343 1426 1260 1495 1381 1270 1389 1350 1333 1165 1260 1487 1226 1394 1275 1070 1366 1494 1185 1217 1187 1350 1110 1305 1273 1219 1361 1464 1407 1069 1075 1430 1474 1345 1238 1217 1271 1132 1206 1272 1105 1329 1301 1313 1315 1217 1296 1371 1289 1205 1272 1191 1095 1337 1296 1115 1248 
938 1045 954 1165 1211 1228 1440 1088 1206 1120 1264 1173 1284 1198 996 1154 1146 1083 1142 1127 1163 1167 1088 1309 1257 1072 1187 1024 1148 1160 1255 1055 1033 1223 1299 1259 1152 847 1225 1355 1240 1099 913 1221 924 1213 1089 972 1236 1095 1134 1112 1130 1070 1257 947 979 1206 1040 970 1210 1210 1085 1085 
1181 1448 1304 1354 1459 1408 1616 1317 1384 1318 1553 1408 1388 1427 1429 1326 1356 1240 1417 1404 1483 1430 1290 1347 1526 1242 1256 1372 1422 1180 1420 1218 1203 1460 1522 1487 1175 1086 1350 1541 1525 1292 1148 1384 1100 1398 1324 1200 1388 1477 1346 1302 1216 1263 1522 1333 1248 1403 1311 1327 1416 1437 1192 1176 
862 1275 1080 1159 1292 1128 1372 1059 1189 1056 1238 1202 1074 1287 1208 1227 1270 1085 1062 1176 1315 1195 1154 976 1315 1008 961 1019 1172 917 1249 979 1116 1263 1313 1266 1103 809 1216 1322 1173 1083 1005 1178 942 1170 1009 1227 1250 1262 1044 1093 1054 1069 1275 1156 944 1277 1069 1170 1055 1240 923 1086 
1042 1169 1154 1169 1408 1131 1476 1198 1241 1249 1331 1259 1296 1135 1245 1231 1088 1113 1363 1229 1330 1267 1178 1271 1210 1100 1211 1059 1156 1123 1279 1015 1122 1326 1330 1240 1026 875 1306 1342 1332 1103 1112 1355 1002 1281 1198 1207 1296 1240 1096 1172 1231 1121 1172 1164 1052 1194 1139 1129 1224 1137 1105 1201 
1136 1349 1236 1432 1590 1414 1788 1456 1519 1372 1490 1416 1436 1465 1332 1460 1480 1256 1458 1390 1430 1373 1369 1392 1529 1279 1251 1366 1356 1305 1570 1273 1280 1497 1555 1519 1279 1008 1479 1637 1446 1263 1251 1437 1198 1390 1230 1275 1454 1253 1285 1422 1365 1282 1513 1326 1231 1534 1292 1270 1569 1354 1173 1363 
1178 1584 1226 1333 1628 1406 1804 1351 1467 1370 1520 1507 1407 1495 1289 1515 1451 1407 1632 1243 1402 1372 1429 1551 1414 1303 1427 1197 1431 1242 1500 1317 1390 1502 1659 1555 1231 1165 1363 1714 1594 1239 1255 1548 1267 1368 1199 1320 1534 1212 1289 1347 1373 1248 1493 1373 1295 1457 1332 1341 1481 1449 1346 1193 
1206 1448 1306 1414 1743 1469 1905 1393 1482 1546 1608 1585 1655 1453 1454 1493 1474 1376 1553 1492 1656 1592 1352 1430 1603 1541 1668 1375 1409 1350 1686 1317 1349 1534 1697 1707 1339 1147 1586 1786 1595 1445 1358 1571 1195 1447 1370 1196 1542 1397 1469 1399 1462 1294 1502 1449 1330 1529 1352 1464 1462 1503 1369 1363 
1100 1256 1103 1274 1359 1278 1486 1322 1224 1179 1512 1217 1272 1319 1218 1256 1189 1050 1337 1148 1268 1221 1188 1390 1390 1136 1139 1239 1232 1125 1302 1093 1188 1381 1313 1412 1088 881 1293 1378 1452 1081 1145 1260 1066 1242 1103 1189 1338 1193 1041 1242 1149 1172 1197 985 1079 1474 1127 1110 1370 1180 1112 1157 
1025 1102 1036 1022 1399 1335 1509 1218 1235 1167 1390 1347 1333 1440 1307 1347 1075 1131 1251 1115 1297 1208 1218 1283 1239 1104 1192 1142 1181 1162 1330 1087 1172 1339 1316 1276 1097 946 1319 1509 1356 1134 1085 1332 1078 1197 1228 1166 1220 1153 1192 1180 1053 1084 1240 1173 1098 1105 969 1099 1267 1316 1108 1110 
1246 1477 1439 1256 1569 1342 1811 1448 1436 1372 1505 1380 1484 1539 1458 1498 1408 1479 1464 1376 1586 1462 1428 1610 1480 1384 1458 1229 1392 1326 1569 1312 1262 1617 1672 1681 1231 1017 1352 1686 1611 1412 1312 1516 1253 1523 1294 1353 1435 1440 1465 1291 1294 1389 1516 1207 1239 1432 1291 1373 1489 1363 1360 1312 
1097 1417 1112 1138 1527 1263 1739 1209 1346 1251 1345 1276 1516 1289 1207 1371 1315 1131 1257 1287 1471 1306 1123 1300 1458 1324 1385 1251 1239 1245 1433 1198 1208 1324 1554 1377 1282 921 1407 1528 1425 1200 1113 1320 1112 1302 1255 1247 1391 1250 1282 1299 1231 1211 1422 1242 1128 1435 1237 1303 1237 1268 1234 1263 
1019 1295 975 1105 1311 1100 1437 1079 1134 1023 1162 1011 1150 1208 1074 1154 1038 1070 1186 1163 1241 1183 1048 1104 1202 1008 1034 984 1156 935 1189 928 1057 1208 1280 1281 1089 762 1198 1218 1252 1144 1040 1215 948 1103 981 1162 1137 1120 1053 1034 982 1122 1259 1032 970 1141 1233 1010 1109 1034 975 1159 
992 1253 1019 1147 1376 1122 1454 1254 1145 1163 1268 1138 1212 1231 1246 1177 1245 1056 1187 1185 1271 1161 1158 1142 1282 1208 1062 1162 1260 1075 1301 1076 1106 1241 1289 1283 1047 868 1261 1385 1252 1158 1117 1119 1034 1178 1068 1073 1268 1157 1072 1160 1066 1131 1205 1138 1015 1333 983 1105 1275 1230 1064 1036 
1315 1648 1431 1407 1853 1517 1905 1522 1531 1454 1541 1555 1541 1553 1528 1638 1475 1474 1546 1563 1705 1522 1541 1353 1530 1430 1420 1390 1531 1355 1769 1439 1394 1555 1729 1676 1438 990 1633 1798 1574 1490 1341 1667 1361 1608 1385 1357 1493 1569 1495 1511 1373 1485 1587 1546 1383 1558 1378 1469 1597 1483 1314 1468 
1168 1526 1360 1318 1582 1364 1697 1426 1387 1329 1431 1394 1361 1348 1422 1397 1339 1316 1358 1292 1355 1427 1378 1308 1535 1301 1307 1293 1367 1278 1508 1187 1211 1425 1429 1596 1154 978 1350 1528 1413 1212 1239 1370 1241 1309 1166 1320 1370 1290 1312 1320 1245 1202 1358 1332 1264 1543 1177 1287 1418 1382 1286 1322 
1194 1393 1199 1237 1447 1302 1648 1233 1254 1165 1373 1274 1391 1378 1308 1368 1354 1242 1265 1342 1404 1282 1237 1166 1431 1188 1212 1191 1342 1194 1409 1075 1195 1363 1433 1491 1237 941 1360 1526 1394 1213 1118 1357 1239 1272 1204 1339 1412 1369 1323 1179 1122 1210 1371 1272 1209 1431 1246 1179 1306 1335 1088 1207 
917 1353 1287 1258 1450 1359 1688 1282 1413 1312 1394 1439 1312 1280 1496 1373 1248 1308 1406 1305 1443 1429 1404 1300 1387 1282 1433 1335 1129 1181 1443 1253 1147 1327 1486 1527 1188 865 1325 1500 1352 1194 1292 1591 1157 1328 1252 1328 1402 1390 1238 1222 1266 1153 1322 1245 1143 1499 1225 1254 1378 1208 1028 1274 
1192 1383 1175 1383 1687 1432 1669 1240 1293 1375 1435 1426 1532 1322 1353 1301 1278 1219 1356 1344 1361 1428 1259 1455 1455 1287 1269 1308 1293 1347 1423 1294 1240 1472 1513 1438 1302 922 1432 1579 1458 1158 1113 1514 1272 1318 1164 1321 1299 1381 1350 1312 1230 1222 1449 1278 1088 1455 1321 1021 1323 1443 1098 1190 
1059 1535 1114 1271 1696 1400 1721 1331 1373 1341 1488 1440 1430 1517 1446 1513 1384 1362 1428 1463 1450 1291 1368 1337 1432 1291 1330 1358 1335 1173 1444 1284 1276 1474 1536 1490 1255 997 1427 1525 1441 1259 1355 1381 1145 1341 1220 1284 1527 1341 1244 1367 1287 1335 1420 1368 1237 1495 1264 1329 1459 1393 1273 1390 
1076 1293 1178 1182 1380 1241 1527 1144 1239 1162 1379 1318 1305 1245 1245 1215 1269 1083 1316 1209 1224 1274 1150 1248 1391 1051 1172 995 1155 1137 1351 1187 1129 1294 1427 1259 986 997 1323 1462 1366 1215 1117 1326 976 1271 1036 1139 1193 1279 1097 1242 1125 1102 1509 1224 1052 1301 1148 1119 1267 1367 1097 1207 
1015 1196 1064 1180 1376 1267 1507 1202 1292 1196 1188 1270 1396 1306 1250 1247 1267 1151 1263 1225 1256 1251 1135 1239 1322 1200 1267 1192 1106 1252 1475 1313 1075 1272 1431 1460 1196 889 1233 1438 1232 1173 1190 1334 1091 1232 1152 1068 1285 1284 1229 1237 1194 1188 1346 1188 1044 1301 1117 1057 1296 1249 1138 1155 
1194 1488 1199 1249 1709 1441 1827 1317 1378 1385 1536 1450 1567 1524 1419 1480 1378 1363 1440 1400 1635 1621 1351 1292 1564 1324 1420 1361 1279 1229 1648 1273 1362 1432 1627 1486 1335 988 1568 1616 1492 1382 1214 1516 1091 1355 1186 1209 1363 1356 1403 1343 1258 1296 1569 1410 1234 1399 1349 1335 1503 1530 1228 1301 
1210 1659 1338 1435 1826 1578 1852 1513 1532 1591 1549 1520 1636 1435 1565 1422 1535 1417 1496 1527 1555 1607 1412 1487 1537 1524 1558 1415 1470 1360 1661 1397 1354 1506 1636 1765 1357 1191 1503 1542 1654 1381 1440 1506 1362 1431 1278 1454 1607 1487 1448 1332 1456 1337 1634 1523 1337 1483 1459 1352 1499 1597 1452 1367 
1084 1272 1214 1262 1539 1258 1676 1449 1312 1242 1566 1299 1333 1404 1408 1343 1234 1291 1327 1329 1424 1321 1221 1363 1304 1284 1256 1266 1390 1095 1481 1304 1203 1403 1429 1363 1181 957 1360 1568 1487 1166 1183 1361 1239 1357 1208 1083 1393 1255 1245 1239 1249 1119 1335 1240 1139 1252 1184 1238 1477 1336 1169 1252 
1061 1290 1071 1284 1369 1363 1598 1304 1332 1168 1359 1228 1278 1256 1210 1297 1165 1277 1317 1240 1310 1204 1150 1397 1345 1135 1209 1192 1271 1157 1375 1104 1114 1359 1430 1324 1142 948 1275 1434 1380 1151 1056 1303 1156 1310 1125 1181 1313 1300 1129 1171 1350 1184 1256 1173 1181 1303 1180 1055 1273 1273 1160 1191 
1243 1379 1295 1374 1572 1389 1738 1291 1406 1260 1582 1422 1371 1528 1513 1499 1231 1237 1536 1360 1403 1478 1237 1420 1570 1261 1272 1277 1432 1280 1390 1232 1311 1489 1612 1554 1255 1119 1373 1687 1536 1272 1183 1498 1176 1462 1387 1261 1506 1333 1354 1458 1276 1298 1423 1334 1216 1487 1257 1223 1373 1418 1181 1239 
895 1450 1226 1397 1607 1414 1722 1256 1373 1262 1482 1484 1310 1378 1325 1516 1327 1361 1411 1309 1441 1391 1294 1447 1442 1286 1339 1293 1394 1096 1523 1295 1220 1385 1561 1469 1210 903 1462 1640 1355 1293 1212 1464 1192 1476 1196 1225 1337 1401 1383 1332 1295 1179 1415 1301 1261 1401 1236 1331 1515 1292 1162 1317 
1204 1562 1274 1455 1726 1450 1800 1418 1526 1407 1499 1498 1521 1604 1503 1529 1384 1257 1502 1443 1537 1462 1225 1575 1659 1426 1365 1378 1475 1322 1579 1374 1443 1681 1652 1699 1191 1117 1547 1691 1573 1319 1344 1481 1277 1417 1350 1458 1587 1429 1514 1512 1433 1305 1559 1439 1202 1584 1381 1372 1437 1429 1389 1383 
1197 1500 1330 1335 1635 1386 1695 1461 1365 1438 1608 1401 1549 1402 1379 1471 1354 1322 1423 1313 1500 1374 1347 1497 1502 1349 1368 1269 1404 1267 1536 1206 1275 1454 1409 1471 1189 947 1550 1599 1618 1274 1297 1474 1266 1297 1186 1397 1514 1310 1267 1267 1346 1252 1469 1230 1258 1533 1194 1282 1386 1397 1197 1340 
1085 1371 1127 1186 1564 1313 1677 1226 1314 1236 1267 1216 1396 1345 1307 1328 1252 1227 1231 1255 1273 1331 1198 1201 1429 1174 1266 1275 1300 1289 1430 1093 1194 1322 1352 1475 1260 944 1342 1435 1352 1147 1165 1355 1203 1223 1144 1306 1279 1251 1313 1212 1134 1217 1280 1224 1050 1432 1189 1115 1374 1325 1146 1156 
922 1284 1145 1189 1290 1272 1459 1285 1271 1100 1364 1124 1215 1288 1201 1388 1210 1199 1300 1255 1406 1231 1153 1301 1246 1094 1017 1257 1233 1017 1317 1087 1097 1332 1269 1325 1103 843 1308 1336 1250 1115 1096 1213 969 1281 1084 1137 1456 1249 1164 1233 1159 1224 1262 1190 1153 1251 1067 1061 1340 1169 972 1068 
964 1308 1054 1187 1325 1260 1430 1092 1247 1080 1234 1374 1267 1202 1086 1253 1210 1109 1163 1139 1314 1129 1177 1203 1202 1064 1258 1069 1158 975 1226 939 1075 1220 1307 1267 1124 905 1299 1314 1223 1023 1039 1313 1104 1191 1052 1167 1214 1192 1125 956 1121 966 1242 1174 993 1350 1082 1084 1220 1160 1000 1189 
1049 1315 1000 1195 1468 1354 1468 1033 1152 1114 1248 1207 1328 1202 1110 1212 1140 1001 1195 1251 1215 1213 1195 1279 1295 1020 1051 1057 1185 1114 1402 1190 1115 1298 1421 1349 1089 847 1211 1343 1286 1024 1076 1292 1043 1210 1013 1030 1200 1245 1110 1215 1130 1104 1271 1161 1147 1266 1191 1022 1143 1330 1021 1032 
1102 1385 1104 1208 1441 1268 1622 1301 1220 1250 1429 1231 1296 1270 1161 1252 1321 1185 1262 1279 1288 1308 1244 1303 1375 1118 1251 1057 1300 1084 1410 1171 1221 1301 1458 1449 1114 1011 1328 1409 1317 1149 1156 1208 1055 1267 1054 1098 1312 1175 1122 1168 1245 1230 1393 1187 1132 1262 1198 1075 1281 1341 1262 1140 
1029 1353 1210 1183 1460 1211 1646 1164 1209 1245 1309 1258 1367 1221 1212 1223 1109 1213 1313 1193 1266 1401 1241 1402 1289 1178 1216 1070 1199 1236 1328 1144 1112 1224 1426 1387 1237 876 1262 1460 1421 1160 1157 1378 1175 1443 1221 1267 1219 1239 1275 1280 1181 1127 1252 1162 1101 1255 1177 1194 1269 1157 1147 1150 
1148 1484 1292 1326 1659 1462 1745 1265 1336 1288 1627 1399 1499 1378 1390 1418 1267 1244 1347 1320 1443 1548 1293 1457 1492 1357 1466 1292 1278 1178 1522 1267 1262 1451 1531 1539 1307 911 1483 1467 1539 1225 1255 1536 1222 1339 1208 1349 1306 1282 1323 1294 1298 1241 1378 1240 1184 1572 1426 1324 1333 1374 1244 1358 
966 1117 1080 1018 1277 1102 1348 1178 1119 1214 1173 1262 1252 1181 1248 1197 1123 1059 1106 1030 1219 1176 1105 1051 1158 1138 1176 1010 991 1093 1240 982 1024 1224 1185 1254 991 798 1316 1279 1383 1077 1081 1211 1052 1113 1112 1177 1202 1130 1068 984 1148 1005 1180 1056 960 1167 1118 1049 1079 1163 1004 1220 
1027 1379 1014 1208 1388 1297 1428 1205 1316 1209 1304 1271 1274 1362 1279 1289 1180 1208 1348 1238 1269 1230 1187 1284 1326 1048 1101 1064 1154 1071 1226 1129 1160 1329 1331 1321 1118 971 1281 1288 1291 1115 1235 1314 1047 1265 1172 1283 1397 1292 1096 1182 1187 1163 1307 1209 1031 1366 1195 941 1306 1290 1059 1207 
1074 1231 1063 1280 1428 1125 1641 1074 1183 1192 1319 1104 1337 1281 1147 1276 1292 1191 1258 1181 1284 1289 1099 1271 1401 1153 1204 1181 1165 1089 1365 1123 1132 1347 1541 1509 1196 852 1245 1429 1348 1159 1191 1329 1125 1273 1089 1147 1221 1239 1375 1214 1240 1153 1264 1034 1086 1421 1312 1178 1240 1251 1105 1143 
992 1320 1154 1166 1537 1244 1513 1185 1304 1303 1443 1334 1232 1317 1244 1313 1183 1166 1389 1173 1346 1287 1125 1344 1311 1238 1234 1189 1310 1151 1299 1096 1261 1289 1448 1440 1074 891 1340 1394 1481 1192 1068 1432 1057 1301 1141 1208 1360 1254 1134 1140 1198 1114 1290 1150 1033 1474 1171 1147 1192 1265 1116 1277 
1129 1288 1116 1254 1470 1185 1514 1175 1251 1150 1343 1256 1265 1153 1270 1345 1126 1084 1179 1093 1364 1215 1049 1141 1408 1166 1357 1136 1190 1054 1276 1081 1276 1219 1405 1310 1027 996 1223 1461 1262 1004 1084 1291 1080 1178 1130 1157 1369 1205 1237 1246 1135 1155 1393 1073 985 1381 1176 1110 1116 1197 1135 1229 
1238 1521 1397 1329 1720 1518 1839 1471 1572 1366 1547 1400 1461 1580 1593 1624 1347 1377 1503 1541 1497 1513 1426 1542 1667 1305 1370 1427 1442 1278 1665 1411 1348 1627 1653 1772 1287 1060 1426 1682 1518 1225 1427 1510 1341 1490 1357 1330 1520 1426 1441 1459 1419 1404 1449 1328 1277 1630 1320 1338 1545 1422 1287 1302 
934 1292 1154 1042 1329 1223 1516 1090 1173 1085 1397 1244 1185 1206 1191 1209 1132 1225 1124 1141 1344 1306 1107 1252 1211 1173 1240 1107 1232 1016 1267 933 1123 1202 1372 1246 981 948 1266 1313 1407 1052 929 1303 1075 1096 972 1073 1267 1200 1151 992 1121 1014 1232 1215 1044 1182 1163 1118 992 1261 1043 1172 
1250 1553 1256 1463 1629 1372 1793 1358 1504 1387 1429 1370 1604 1489 1419 1493 1575 1232 1471 1415 1494 1358 1370 1360 1504 1413 1235 1316 1455 1331 1562 1286 1173 1553 1607 1478 1342 1068 1502 1651 1533 1298 1262 1426 1349 1422 1307 1401 1672 1485 1336 1465 1282 1401 1597 1536 1404 1488 1422 1262 1416 1440 1151 1326 
999 1384 1216 1329 1515 1393 1519 1238 1319 1261 1300 1253 1299 1359 1299 1375 1227 1287 1277 1232 1326 1351 1280 1404 1362 1167 1244 1208 1252 1126 1463 1165 1181 1382 1328 1367 1089 873 1453 1438 1385 1075 1304 1362 1219 1227 1140 1374 1402 1358 1245 1246 1183 1305 1396 1135 1071 1357 1286 1085 1400 1291 1060 1199 
974 1244 1079 1219 1408 1257 1518 1186 1389 1163 1369 1291 1238 1184 1224 1374 1113 1152 1307 1166 1310 1226 1124 1244 1237 1121 1237 1154 1175 1060 1323 1002 1091 1286 1368 1271 1188 858 1218 1462 1251 1077 961 1356 1102 1264 1058 1080 1331 1253 1162 1181 1175 1095 1220 1127 1193 1178 1164 1089 1221 1257 982 1150 
1180 1574 1218 1384 1633 1486 1833 1330 1433 1236 1513 1333 1484 1576 1413 1517 1487 1427 1484 1267 1511 1465 1417 1471 1511 1258 1318 1413 1431 1242 1633 1275 1332 1546 1651 1537 1334 912 1444 1625 1565 1289 1374 1499 1283 1452 1164 1386 1424 1305 1293 1329 1239 1284 1529 1325 1381 1529 1383 1350 1509 1409 1155 1264 
957 1098 1142 1058 1331 1133 1434 1177 1205 1186 1190 1121 1154 1197 1263 1273 1179 1134 1145 1134 1225 1106 1174 1131 1157 1068 1124 1093 1146 1082 1290 1007 1131 1238 1265 1413 977 956 1222 1437 1200 942 1114 1297 1073 1110 948 1136 1284 1154 1141 1123 1071 1046 1254 1044 945 1263 1007 1029 1131 1144 993 1053 
1332 1624 1351 1392 1762 1470 1846 1423 1425 1412 1590 1445 1592 1464 1490 1480 1398 1429 1609 1490 1548 1529 1461 1543 1550 1415 1496 1415 1441 1420 1703 1467 1335 1547 1706 1569 1314 1059 1428 1739 1601 1380 1456 1602 1308 1567 1379 1335 1567 1454 1489 1518 1409 1311 1437 1375 1375 1587 1378 1413 1596 1483 1384 1384 
992 1352 1142 1305 1608 1371 1718 1274 1439 1245 1362 1357 1333 1274 1370 1463 1251 1334 1284 1261 1451 1265 1270 1323 1345 1235 1311 1313 1326 1105 1475 1229 1112 1297 1378 1320 1093 987 1361 1449 1308 1148 1164 1407 1238 1163 1076 1273 1350 1234 1231 1188 1299 1145 1433 1290 1264 1345 1028 1210 1353 1214 1047 1237 
1068 1353 1239 1172 1368 1445 1503 1249 1255 1245 1417 1407 1283 1299 1266 1263 1163 1143 1232 1268 1348 1368 1234 1291 1329 1041 1182 1255 1272 1167 1376 1109 1159 1290 1404 1534 1173 1009 1364 1446 1379 1108 1168 1373 1031 1375 1256 1126 1345 1353 1263 1195 1183 1050 1238 1270 1149 1299 1095 1154 1225 1420 1093 1192 
1119 1435 1171 1267 1518 1421 1713 1148 1365 1279 1420 1430 1353 1299 1248 1380 1147 1340 1406 1239 1413 1345 1181 1425 1394 1231 1367 1263 1247 1128 1349 1187 1208 1305 1419 1378 1214 999 1397 1599 1383 1154 984 1391 1199 1184 1136 1219 1209 1215 1241 1219 1239 1247 1357 1208 1235 1282 1220 1208 1286 1341 1146 1105 
827 1176 903 1104 1040 1008 1399 1033 1142 991 1202 1072 1072 1192 1070 1056 1050 1040 1102 995 1114 1062 1083 1168 1127 948 1118 926 1034 852 1037 971 920 1055 1249 1173 971 912 1048 1224 1153 950 929 1052 1000 964 990 953 1160 965 1019 955 959 974 1158 1062 985 1064 974 982 1042 1105 882 951 
1026 1372 970 1210 1454 1228 1530 1094 1174 1176 1331 1256 1383 1284 1194 1165 1218 1069 1241 1162 1232 1188 1159 1320 1266 1133 1268 1060 1327 1083 1351 1263 1182 1343 1342 1379 1149 926 1233 1395 1343 1019 1193 1300 1184 1142 1049 1130 1433 1283 1188 1195 1002 1122 1379 1090 1057 1400 1241 1070 1198 1337 1115 1112 
1104 1491 1379 1279 1418 1489 1720 1328 1358 1158 1574 1319 1271 1426 1421 1389 1374 1298 1269 1301 1306 1415 1421 1328 1383 1176 1296 1303 1385 1110 1516 1239 1207 1383 1485 1535 1203 923 1298 1504 1523 1084 1162 1445 1331 1447 1168 1283 1469 1301 1162 1145 1321 1192 1324 1242 1356 1369 1334 1248 1395 1411 1137 1197 
965 1165 954 1233 1426 1110 1525 1169 1176 1253 1173 1044 1287 1227 1114 1270 1237 1047 1230 1169 1298 1163 1148 1196 1190 1210 1190 1127 1151 1041 1350 998 1039 1311 1399 1333 1141 823 1237 1441 1206 1197 1145 1210 986 1224 1091 1070 1178 1114 1177 1222 1073 1154 1188 1134 1050 1166 1144 1173 1259 1112 1049 1042 
1264 1463 1218 1328 1610 1501 1829 1467 1432 1350 1591 1419 1552 1536 1460 1488 1408 1288 1321 1519 1510 1449 1425 1421 1571 1394 1479 1390 1483 1317 1633 1321 1333 1536 1583 1536 1406 1016 1455 1737 1515 1308 1255 1419 1340 1534 1371 1218 1592 1382 1395 1416 1380 1328 1452 1247 1303 1629 1270 1320 1483 1511 1333 1388 
875 1325 952 1024 1286 1071 1457 1011 1042 1017 1136 1061 1071 1066 1134 1046 1016 1058 1150 1056 1091 1155 998 1028 1190 959 1115 1047 1076 904 1093 946 1038 1149 1218 1247 910 714 1018 1199 1132 980 979 1146 899 1170 878 1078 1042 968 988 1052 1013 1029 999 982 937 1220 1060 1054 1120 1084 1049 992 
953 1281 1193 1146 1394 1230 1538 1220 1247 1135 1278 1183 1232 1233 1170 1296 1367 1236 1163 1182 1339 1273 1230 1253 1280 1108 1079 1189 1264 1114 1443 1126 1222 1287 1446 1275 1069 817 1376 1457 1311 1113 1065 1275 1067 1401 1079 1215 1172 1181 1139 1152 1254 1115 1309 1185 1032 1326 1153 1145 1329 1328 1175 1158 
1206 1500 1239 1227 1699 1394 1673 1421 1353 1389 1431 1313 1469 1393 1399 1443 1482 1337 1377 1369 1484 1478 1295 1344 1431 1334 1305 1395 1481 1301 1607 1272 1287 1574 1529 1601 1321 811 1455 1510 1579 1316 1302 1388 1252 1468 1201 1326 1422 1306 1294 1232 1377 1305 1364 1182 1193 1536 1327 1259 1377 1450 1315 1329 
