1442 1431 1416 1156 1321 1411 1318 1227 1469 1239 1518 1190 1309 1231 1339 1222 1143 1500 1211 1308 1439 1364 1149 1199 1376 1382 1150 1468 1415 1410 1279 1211 1322 1419 1737 1229 1421 1185 1374 1371 1536 1229 1274 1159 1384 1289 1179 1392 1300 1683 1261 1418 1274 1220 1221 1420 1365 1279 1282 1427 1225 1238 1307 1182 
1618 1559 1582 1321 1744 1490 1201 1327 1505 1158 1658 1350 1464 1417 1460 1317 1234 1488 1375 1406 1493 1376 1270 1359 1493 1730 1296 1580 1522 1338 1605 1389 1586 1648 1875 1475 1426 1312 1447 1488 1557 1426 1433 1207 1630 1502 1424 1478 1366 1622 1390 1324 1382 1197 1306 1394 1667 1476 1498 1476 1436 1506 1306 1337 
1501 1646 1456 1381 1362 1327 1237 1226 1428 1286 1588 1269 1200 1270 1434 1129 1201 1515 1234 1378 1580 1309 1079 1239 1274 1383 1010 1481 1433 1480 1412 1301 1593 1550 1663 1372 1381 1242 1356 1309 1417 1547 1329 1127 1476 1379 1321 1537 1231 1715 1279 1429 1349 1133 1229 1456 1385 1248 1289 1282 1446 1391 1236 1276 
1375 1293 1254 1082 1253 1144 996 1062 1125 1112 1315 1038 1129 1122 1282 1177 995 1239 1037 1151 1397 1160 998 1059 1192 1217 939 1245 1156 1177 1091 1070 1239 1392 1415 1122 1266 1027 1163 1188 1236 1227 1155 1022 1220 1204 1051 1314 937 1406 1087 1129 1219 1006 1101 1311 1117 1167 1160 1216 1157 1186 1107 1148 
1489 1507 1306 1127 1361 1314 1068 1177 1327 1153 1471 1286 1245 1400 1344 1181 1061 1243 1306 1331 1324 1238 1185 1216 1318 1361 1143 1402 1314 1330 1439 1264 1507 1396 1699 1313 1444 1273 1275 1309 1396 1247 1238 1136 1320 1409 1144 1437 1236 1552 1121 1250 1268 1081 1211 1251 1373 1204 1368 1371 1201 1342 1119 1142 
1439 1616 1506 1338 1443 1358 1153 1138 1520 1336 1528 1199 1315 1374 1409 1299 1038 1397 1322 1418 1566 1344 1134 1158 1398 1573 1153 1567 1525 1375 1484 1370 1529 1517 1662 1273 1343 1186 1509 1260 1467 1374 1323 1221 1295 1468 1316 1525 1318 1613 1364 1385 1375 1103 1156 1351 1395 1364 1309 1429 1233 1280 1321 1247 
1379 1519 1474 1478 1490 1468 1321 1362 1493 1185 1666 1165 1358 1409 1425 1263 1226 1530 1307 1245 1587 1417 1196 1285 1337 1578 1123 1639 1506 1508 1601 1362 1465 1494 1857 1322 1387 1286 1489 1417 1475 1384 1292 1288 1535 1432 1325 1543 1464 1540 1316 1386 1432 1069 1199 1424 1617 1336 1449 1452 1584 1335 1272 1167 
1588 1568 1522 1342 1363 1271 1197 1175 1393 1341 1567 1258 1289 1280 1394 1219 1131 1374 1253 1329 1520 1363 1157 1164 1310 1376 1110 1474 1426 1308 1567 1272 1424 1517 1757 1331 1415 1274 1290 1317 1607 1373 1408 1222 1469 1396 1297 1574 1371 1651 1255 1190 1259 1045 1215 1385 1544 1326 1393 1348 1438 1447 1281 1199 
1465 1453 1442 1364 1344 1377 1271 1238 1345 1397 1627 1242 1365 1403 1358 1195 976 1357 1284 1219 1613 1423 1162 1237 1296 1529 1091 1513 1286 1298 1402 1254 1465 1460 1749 1253 1342 1288 1408 1327 1381 1357 1422 1244 1353 1347 1221 1404 1298 1584 1281 1262 1383 1125 1147 1369 1424 1308 1449 1345 1416 1345 1264 1275 
1364 1445 1321 1177 1424 1292 1188 1152 1321 1221 1531 1151 1229 1239 1267 1146 1013 1299 1201 1203 1453 1454 1077 1167 1318 1417 972 1329 1266 1094 1351 1207 1332 1381 1626 1333 1360 1168 1417 1159 1388 1207 1240 1110 1328 1243 1222 1426 1159 1533 1104 1246 1281 1055 1192 1221 1326 1188 1225 1308 1274 1313 1259 1054 
1248 1192 1252 1062 1274 1111 1089 1162 1233 1045 1277 1061 1220 1119 1113 1030 1029 1222 1031 1110 1283 1282 939 1038 1175 1256 935 1181 1129 1145 1218 1036 1117 1271 1461 1074 1108 1021 1080 1113 1244 1166 1106 988 1228 1190 986 1155 1189 1308 1145 1022 1078 938 1068 1211 1223 1093 1048 1239 1236 1068 1018 1095 
1276 1275 1307 1128 1295 1234 1053 1058 1269 1039 1252 1059 1272 1078 1186 952 1000 1191 1261 1243 1289 1213 1087 1067 1225 1384 1101 1289 1244 1210 1329 1216 1221 1268 1604 1124 1108 999 1279 993 1399 1155 1185 1064 1205 1272 1063 1254 1133 1384 1140 1213 1164 1094 1210 1252 1296 1216 1300 1256 1187 1227 1111 1263 
1278 1460 1343 1295 1244 1433 955 1138 1283 1094 1440 1224 1209 1264 1250 1093 1013 1204 1219 1052 1452 1270 1106 1053 1210 1445 1138 1522 1300 1034 1378 1154 1407 1237 1581 1253 1286 1170 1327 1342 1161 1137 1417 1082 1324 1158 1197 1237 1219 1429 1224 1226 1233 1060 1099 1097 1262 1110 1369 1288 1199 1421 1165 1042 
1299 1450 1307 1354 1191 1226 1160 1138 1325 1171 1460 1149 1260 1265 1347 1143 1020 1332 1108 1152 1456 1256 986 1114 1214 1271 1030 1374 1227 1199 1298 1123 1319 1381 1502 1198 1255 1193 1249 1320 1296 1302 1131 1086 1326 1316 1108 1396 1100 1539 1201 1285 1272 972 1000 1143 1316 1189 1195 1196 1297 1276 1360 1117 
1178 1247 1276 969 1124 1300 999 1136 1206 932 1271 939 1015 1165 1152 1012 877 1159 1138 1086 1292 1059 942 972 1172 1265 934 1269 1278 1161 1108 1021 1181 1233 1453 1084 1153 1081 1289 1117 1117 1081 1065 998 1070 1102 982 1217 1152 1397 1116 1182 1119 1001 1006 1147 1144 1123 1116 1143 1131 1084 1040 987 
1492 1483 1517 1242 1554 1438 1189 1268 1458 1224 1566 1270 1375 1401 1354 1254 1175 1314 1376 1327 1482 1352 1136 1221 1372 1633 1157 1507 1469 1304 1563 1403 1390 1466 1756 1417 1477 1163 1447 1332 1596 1257 1414 1290 1490 1377 1285 1432 1251 1623 1244 1277 1427 1134 1237 1361 1384 1342 1371 1508 1323 1389 1326 1184 
1391 1403 1419 1227 1309 1421 1100 1136 1324 1064 1598 1184 1300 1447 1363 1229 919 1234 1205 1174 1434 1237 1094 964 1188 1490 1072 1374 1291 1217 1268 1100 1320 1398 1695 1126 1200 1202 1343 1366 1257 1401 1377 1243 1199 1274 1146 1496 1313 1432 1162 1146 1195 965 1079 1080 1284 1209 1288 1345 1270 1289 1245 1058 
1567 1610 1562 1350 1525 1437 1277 1204 1484 1352 1577 1282 1421 1329 1319 1342 1171 1416 1389 1372 1551 1497 1186 1224 1437 1467 1030 1537 1404 1243 1451 1197 1472 1587 1823 1457 1482 1165 1403 1383 1420 1402 1378 1239 1461 1379 1247 1492 1242 1674 1367 1404 1344 1267 1349 1457 1421 1453 1424 1391 1501 1493 1291 1314 
1336 1440 1344 1161 1216 1303 1162 1190 1353 1140 1334 1160 1180 1229 1177 1067 1151 1309 1239 1246 1371 1383 994 1134 1257 1337 988 1414 1281 1218 1300 1185 1423 1346 1444 1197 1461 1084 1294 1121 1257 1196 1177 1101 1358 1242 1190 1312 1140 1499 1195 1268 1232 1149 1135 1250 1122 1315 1241 1286 1253 1224 1164 1076 
1315 1404 1358 1325 1158 1325 1077 1143 1303 1195 1485 1034 1163 1162 1285 1160 960 1189 1169 1172 1587 1244 904 1025 1260 1375 1024 1401 1195 1150 1296 1155 1366 1456 1613 1192 1278 1029 1200 1275 1337 1220 1352 1136 1230 1213 1123 1409 1204 1488 1201 1252 1160 1071 1064 1298 1271 1170 1335 1278 1356 1328 1169 1145 
1561 1688 1613 1437 1559 1496 1345 1323 1596 1300 1792 1337 1398 1556 1539 1334 1212 1475 1350 1398 1587 1496 1273 1294 1419 1615 1207 1656 1448 1409 1612 1400 1460 1686 1821 1401 1586 1340 1516 1445 1406 1460 1472 1440 1613 1495 1293 1545 1326 1677 1389 1481 1502 1275 1348 1567 1485 1419 1528 1471 1521 1498 1282 1373 
1557 1634 1564 1408 1629 1575 1293 1477 1478 1347 1809 1457 1504 1367 1593 1272 1111 1617 1451 1558 1735 1430 1369 1244 1464 1740 1316 1659 1503 1438 1585 1513 1655 1598 1850 1318 1549 1310 1463 1537 1656 1597 1496 1357 1712 1455 1450 1708 1437 1690 1449 1496 1583 1266 1304 1507 1584 1434 1584 1647 1535 1445 1382 1301 
1207 1248 1237 1104 1123 1158 937 1002 1115 898 1237 924 986 1284 1077 997 912 1046 1080 1133 1276 1056 900 910 1008 1201 854 1349 1139 1116 1141 1157 1365 1362 1474 1124 1143 962 1068 1075 1088 1168 1162 910 1165 1189 1034 1221 1155 1321 960 1052 1170 887 901 1106 1121 1053 1143 990 1099 1142 929 923 
1147 1319 1120 1137 1169 1122 1015 1016 1294 1110 1298 1058 1142 1173 1167 1012 1027 1244 1047 1179 1209 1101 915 1028 1116 1267 957 1273 1179 1218 1298 1041 1207 1229 1436 1112 1245 962 1113 1079 1390 1028 992 1028 1206 1154 1079 1191 947 1422 989 1104 1160 989 941 1148 1295 1177 1168 1151 1145 1019 1117 984 
1199 1299 1201 1249 1240 1151 1126 1127 1301 1079 1450 1107 1073 1119 1158 1030 1091 1215 1220 1073 1418 1226 937 1054 1289 1351 961 1252 1199 1152 1310 1138 1308 1269 1421 1111 1305 997 1270 1197 1232 1237 1094 925 1275 1115 1125 1306 1180 1395 1107 1202 1102 952 973 1282 1250 1244 1167 1181 1263 1084 1078 1060 
1498 1408 1464 1276 1448 1449 1295 1197 1359 1288 1534 1182 1373 1294 1344 1171 1007 1428 1225 1455 1529 1424 1225 1319 1298 1623 1214 1493 1408 1431 1368 1382 1568 1439 1601 1191 1518 1339 1488 1271 1404 1334 1327 1309 1372 1482 1295 1438 1126 1669 1221 1370 1432 1136 1182 1406 1359 1380 1443 1401 1268 1276 1307 1279 
1558 1531 1332 1301 1463 1275 1118 1250 1405 1380 1542 1224 1272 1264 1309 1314 1128 1410 1302 1314 1559 1405 1085 1217 1211 1422 1165 1370 1237 1217 1260 1174 1360 1369 1557 1192 1303 1193 1337 1327 1427 1346 1435 1159 1395 1356 1246 1473 1266 1493 1196 1164 1216 1027 1233 1404 1356 1274 1313 1247 1319 1420 1314 1148 
1395 1283 1183 1153 1233 1270 1051 1113 1235 1080 1352 987 1147 1056 1151 1011 1057 1231 1125 1142 1283 1241 919 1098 1044 1256 1004 1425 1192 1062 1247 1215 1280 1251 1532 1073 1241 972 1160 1124 1292 1108 1241 941 1238 1248 1074 1309 1182 1463 1120 1148 1113 921 1022 1188 1156 1097 1119 1120 1187 1302 1207 1080 
1682 1673 1648 1440 1568 1469 1334 1431 1669 1355 1854 1305 1498 1584 1540 1380 1236 1653 1442 1523 1751 1481 1124 1405 1557 1728 1313 1679 1601 1481 1600 1403 1625 1753 1971 1404 1569 1242 1615 1536 1643 1541 1472 1364 1453 1557 1285 1607 1531 1816 1322 1516 1461 1231 1248 1563 1642 1448 1575 1544 1533 1555 1383 1423 
1580 1557 1567 1385 1471 1541 1222 1357 1567 1295 1705 1183 1481 1475 1453 1263 1189 1462 1407 1452 1639 1414 1154 1117 1446 1555 1159 1591 1457 1370 1410 1290 1597 1665 1923 1383 1492 1163 1388 1408 1486 1533 1473 1230 1511 1401 1305 1514 1377 1797 1315 1480 1349 1283 1242 1469 1454 1450 1509 1545 1502 1466 1276 1291 
1354 1557 1410 1460 1320 1448 1176 1254 1512 1178 1562 1329 1319 1385 1474 1132 1210 1398 1214 1255 1440 1342 1078 1082 1321 1499 1236 1530 1504 1274 1532 1340 1496 1500 1666 1320 1447 1233 1354 1299 1410 1365 1420 1190 1393 1401 1320 1393 1298 1605 1275 1447 1347 1130 1154 1350 1426 1357 1345 1388 1378 1306 1222 1272 
1393 1311 1380 1209 1316 1275 1262 1163 1288 1195 1581 1166 1200 1269 1272 1118 1052 1450 1020 1161 1389 1364 1124 1148 1209 1461 1031 1407 1307 1351 1333 1294 1476 1421 1632 1151 1297 1092 1272 1317 1352 1296 1243 1156 1342 1195 1303 1369 1274 1436 1161 1268 1219 1029 1146 1248 1335 1150 1144 1476 1296 1208 1161 1082 
1323 1486 1341 1288 1403 1281 1119 1173 1408 1227 1526 1272 1316 1393 1210 1364 1067 1250 1347 1251 1407 1311 1015 1168 1358 1478 1069 1337 1341 1303 1420 1218 1372 1508 1684 1294 1334 1187 1317 1297 1494 1220 1336 1231 1440 1332 1140 1524 1351 1469 1160 1201 1285 1097 1174 1403 1469 1245 1339 1432 1386 1319 1209 1081 
1273 1474 1326 1214 1393 1377 1170 1132 1185 1037 1455 1156 1219 1205 1420 1071 1058 1443 1248 1139 1380 1299 1195 1191 1287 1440 1034 1496 1494 1276 1399 1263 1239 1362 1692 1276 1354 1083 1377 1287 1403 1290 1232 1199 1420 1298 1194 1480 1297 1464 1206 1243 1342 1037 1113 1221 1374 1364 1296 1342 1389 1290 1321 1112 
1458 1559 1484 1305 1563 1445 1390 1274 1419 1223 1666 1422 1521 1308 1446 1190 994 1531 1381 1342 1539 1457 1369 1261 1429 1619 1196 1484 1557 1451 1485 1361 1524 1559 1769 1496 1407 1267 1528 1444 1631 1229 1489 1326 1678 1400 1275 1597 1245 1736 1233 1443 1432 1289 1289 1270 1537 1442 1400 1484 1344 1434 1501 1361 
1077 1385 1249 1240 1143 1210 1072 1023 1262 1127 1411 1145 1189 1294 1172 1102 1050 1187 1088 1109 1334 1167 1001 998 1237 1231 952 1344 1258 1296 1378 1094 1425 1380 1535 1182 1221 1174 1101 1235 1272 1216 1237 1014 1324 1191 1104 1410 1298 1380 1066 1224 1224 1051 1002 1151 1246 1172 1176 1298 1210 1157 1122 1034 
1457 1509 1445 1344 1349 1270 1224 1185 1504 1228 1628 1287 1293 1594 1377 1237 1158 1414 1155 1247 1613 1289 1138 1171 1398 1487 1153 1545 1281 1390 1540 1289 1537 1545 1811 1393 1506 1209 1357 1383 1376 1387 1321 1154 1373 1445 1186 1429 1459 1667 1234 1365 1353 1129 1052 1251 1396 1365 1445 1382 1393 1370 1155 1170 
1156 1085 1194 1016 1120 1104 900 903 1087 945 1106 875 1114 999 1122 1006 865 1059 975 1037 1159 1037 843 971 1029 1126 868 1171 1050 1057 1044 936 1057 1136 1365 887 975 960 1056 1006 1221 1130 932 891 980 1023 992 1052 932 1193 927 1008 1069 886 1061 1104 1202 1022 1081 1121 1069 1048 830 944 
1099 1157 1084 951 1132 1233 977 939 1079 947 1214 1036 1061 1109 1096 895 832 1140 1018 971 1187 1014 930 972 1078 1175 854 1215 1093 1048 1215 946 1165 1201 1434 1086 1174 911 1259 1098 1070 1126 994 911 1082 1004 995 1215 1070 1278 1044 1152 1200 903 1032 1082 1072 1055 1115 1107 1115 1038 1019 1017 
1717 1786 1672 1517 1865 1597 1476 1395 1782 1434 1899 1494 1672 1623 1556 1466 1202 1736 1577 1693 1788 1589 1417 1425 1583 1866 1381 1739 1772 1710 1712 1582 1783 1755 2038 1573 1726 1385 1793 1611 1752 1571 1534 1546 1708 1656 1530 1694 1482 1763 1444 1669 1625 1365 1461 1641 1728 1674 1627 1794 1627 1570 1520 1345 
1377 1495 1528 1296 1315 1304 1227 1138 1446 1256 1603 1250 1213 1332 1322 1284 1074 1376 1220 1370 1547 1259 1135 1182 1321 1472 1104 1410 1393 1379 1308 1264 1435 1439 1697 1227 1331 1201 1327 1420 1397 1321 1272 1233 1336 1321 1145 1397 1199 1495 1347 1389 1396 1124 1055 1305 1383 1238 1327 1348 1324 1353 1175 1205 
1486 1595 1490 1353 1447 1525 1279 1215 1438 1324 1687 1241 1328 1363 1482 1332 1170 1478 1296 1319 1707 1449 1167 1347 1430 1574 1234 1648 1322 1319 1519 1227 1525 1553 1903 1352 1429 1276 1452 1520 1370 1501 1405 1260 1441 1373 1297 1441 1401 1703 1372 1490 1449 1239 1279 1441 1467 1404 1529 1497 1473 1490 1304 1334 
1556 1595 1485 1335 1654 1342 1290 1331 1557 1344 1737 1279 1394 1441 1294 1381 1172 1457 1420 1467 1599 1547 1214 1311 1466 1538 1205 1481 1428 1406 1442 1313 1602 1492 1763 1403 1527 1261 1457 1447 1573 1324 1422 1257 1538 1514 1218 1496 1236 1519 1382 1400 1392 1304 1300 1361 1491 1455 1337 1453 1366 1434 1442 1153 
1467 1513 1479 1380 1512 1398 1316 1215 1491 1430 1581 1325 1410 1405 1277 1258 1106 1467 1390 1421 1617 1451 1085 1285 1450 1665 1204 1563 1437 1499 1536 1383 1484 1542 1830 1279 1420 1121 1510 1268 1598 1331 1367 1295 1402 1384 1262 1521 1428 1712 1333 1458 1386 1131 1190 1463 1456 1407 1411 1539 1372 1387 1300 1282 
1298 1419 1445 1272 1438 1354 1153 1185 1389 1172 1582 1285 1300 1338 1168 1089 1103 1371 1159 1286 1560 1382 1089 1198 1208 1471 1109 1505 1308 1297 1599 1249 1523 1420 1755 1314 1322 1214 1231 1351 1380 1318 1390 1135 1421 1322 1181 1344 1417 1495 1278 1299 1330 1074 1133 1206 1310 1253 1335 1452 1298 1262 1114 1214 
1260 1313 1290 1186 1344 1210 971 1097 1198 1011 1357 1140 1250 1308 1243 1065 989 1201 1222 1167 1425 1178 1046 977 1282 1487 1143 1359 1212 1109 1334 1215 1321 1385 1598 1282 1164 1017 1242 1287 1338 1223 1256 1086 1297 1167 1075 1263 1366 1454 1134 1303 1201 1057 1130 1209 1289 1138 1274 1478 1298 1327 1169 1030 
1605 1552 1545 1313 1489 1355 1321 1383 1476 1337 1652 1414 1418 1488 1440 1233 1103 1487 1288 1390 1519 1410 1242 1132 1394 1507 1118 1448 1403 1282 1511 1253 1605 1580 1761 1415 1461 1289 1412 1476 1415 1533 1332 1269 1524 1422 1184 1593 1250 1694 1364 1401 1408 1297 1214 1321 1456 1406 1341 1400 1488 1403 1442 1315 
1419 1451 1554 1326 1490 1437 1169 1163 1324 1317 1472 1328 1390 1529 1287 1207 1057 1379 1293 1320 1586 1309 1280 1209 1368 1578 1129 1501 1360 1311 1505 1326 1453 1448 1807 1407 1366 1242 1473 1411 1436 1327 1380 1269 1366 1331 1248 1457 1405 1615 1267 1382 1467 1140 1143 1275 1400 1331 1543 1528 1362 1436 1238 1202 
1513 1530 1580 1392 1437 1406 1227 1151 1480 1309 1606 1277 1379 1479 1365 1346 1042 1367 1323 1398 1549 1442 1215 1213 1216 1651 1300 1606 1420 1391 1461 1375 1409 1631 1724 1248 1372 1219 1464 1266 1478 1289 1452 1350 1474 1416 1394 1494 1367 1617 1332 1277 1413 1143 1304 1434 1483 1392 1404 1461 1366 1416 1211 1306 
1580 1526 1508 1376 1495 1351 1306 1264 1491 1324 1691 1391 1390 1361 1496 1317 1166 1538 1407 1408 1626 1351 1162 1281 1333 1653 1313 1590 1472 1403 1504 1319 1531 1541 1740 1328 1585 1326 1461 1523 1562 1464 1364 1384 1642 1416 1314 1563 1297 1766 1402 1363 1488 1198 1161 1472 1428 1454 1539 1546 1479 1365 1387 1285 
1459 1592 1511 1323 1494 1397 1242 1301 1426 1281 1607 1294 1335 1290 1297 1213 1152 1365 1431 1356 1618 1445 1256 1308 1439 1552 1136 1556 1458 1265 1456 1461 1589 1489 1832 1466 1408 1251 1466 1343 1540 1382 1484 1110 1584 1445 1298 1475 1363 1518 1408 1409 1370 1166 1299 1500 1562 1421 1398 1410 1395 1508 1217 1255 
1340 1271 1338 1180 1451 1308 1208 1207 1328 1109 1395 1163 1311 1262 1233 1114 914 1326 1176 1401 1404 1355 1183 1148 1302 1417 1079 1338 1327 1272 1365 1321 1407 1482 1531 1340 1366 1179 1333 1288 1475 1087 1195 1234 1441 1307 1264 1319 1131 1502 1127 1317 1317 1085 1235 1289 1304 1342 1296 1464 1247 1200 1167 1076 
1614 1627 1518 1282 1473 1568 1283 1336 1566 1281 1706 1359 1379 1475 1504 1329 1129 1503 1423 1400 1669 1484 1269 1277 1624 1627 1326 1554 1455 1543 1520 1391 1635 1648 1834 1445 1578 1236 1574 1470 1608 1345 1543 1308 1478 1453 1437 1546 1499 1768 1406 1500 1387 1333 1481 1480 1495 1550 1441 1663 1463 1483 1386 1283 
1449 1353 1434 1153 1363 1235 1112 1167 1235 1164 1435 1105 1176 1196 1188 1157 1077 1298 1195 1189 1489 1283 997 1181 1294 1369 920 1295 1305 1312 1300 1218 1347 1452 1656 1343 1273 1090 1258 1187 1366 1201 1274 1135 1333 1238 1100 1395 1222 1561 1246 1230 1207 1064 1039 1220 1240 1374 1243 1331 1292 1397 1147 1208 
1157 1327 1260 1245 1207 1202 983 1031 1184 991 1370 1025 1250 1230 1142 1037 1105 1123 1087 1089 1357 1314 960 914 1286 1262 945 1371 1155 1091 1340 1105 1348 1272 1444 1148 1249 1068 1061 1141 1295 1187 1227 928 1351 1248 1188 1153 1101 1397 1053 1096 1152 996 1041 1082 1184 1169 1151 1276 1155 1130 1107 878 
1436 1602 1351 1348 1440 1423 1211 1257 1466 1262 1603 1338 1413 1512 1276 1310 1236 1441 1252 1306 1544 1449 1113 1242 1390 1518 1049 1547 1417 1328 1510 1117 1368 1461 1656 1303 1447 1110 1500 1314 1483 1434 1397 1185 1504 1365 1383 1356 1334 1539 1123 1169 1379 939 1153 1349 1493 1357 1268 1374 1436 1345 1256 1003 
1415 1481 1415 1111 1254 1174 1075 1026 1326 1043 1373 1081 1190 1348 1211 1027 1063 1331 1186 1350 1306 1262 954 1121 1179 1307 1011 1226 1311 1270 1229 1191 1317 1415 1588 1276 1297 911 1283 1145 1364 1177 1188 1076 1200 1227 1103 1299 1178 1460 1030 1202 1148 1081 1136 1153 1319 1292 1186 1247 1206 1383 1234 1051 
1155 1239 1161 1139 1099 1097 1057 1038 1144 981 1227 1083 1092 1183 1165 928 926 1070 1085 989 1302 1135 896 895 1174 1232 851 1140 1001 1041 1086 1033 1116 1199 1336 1068 1090 897 1161 1127 1135 1190 1086 1010 1141 1025 955 1130 934 1313 970 1110 1128 950 1057 1147 1116 1006 1075 1083 1211 1095 1073 989 
1346 1545 1401 1269 1367 1266 1235 1106 1318 1253 1489 1236 1270 1356 1259 1224 980 1372 1192 1327 1450 1466 1005 1274 1230 1485 1035 1477 1452 1262 1448 1403 1492 1466 1669 1290 1555 1105 1424 1274 1370 1132 1108 1189 1372 1350 1227 1498 1153 1500 1096 1283 1384 958 1070 1295 1448 1245 1258 1414 1246 1396 1347 1059 
1332 1509 1468 1366 1386 1405 1252 1207 1404 1208 1446 1235 1323 1562 1288 1251 1041 1344 1273 1268 1466 1395 1040 1170 1484 1564 1074 1483 1431 1330 1385 1316 1461 1504 1655 1250 1351 1130 1458 1270 1358 1258 1305 1189 1280 1311 1308 1445 1391 1601 1190 1331 1344 1124 1193 1333 1408 1302 1324 1383 1348 1206 1329 1136 
1363 1478 1425 1302 1389 1360 1200 1168 1408 1134 1652 1250 1302 1339 1366 1170 1050 1400 1301 1214 1547 1239 1026 1160 1357 1523 1150 1462 1299 1350 1409 1320 1439 1420 1681 1230 1371 1128 1444 1492 1414 1336 1320 1158 1385 1292 1100 1470 1361 1644 1295 1396 1398 1092 1094 1207 1295 1108 1344 1423 1204 1263 1296 1127 
1366 1484 1379 1197 1353 1267 1188 1193 1368 1245 1525 1321 1294 1275 1377 1248 1087 1366 1229 1199 1641 1435 1135 1285 1449 1498 1126 1381 1211 1316 1438 1162 1361 1351 1595 1280 1402 1226 1399 1344 1293 1302 1244 1184 1354 1407 1172 1355 1213 1501 1207 1243 1456 1066 1187 1343 1344 1335 1348 1413 1352 1311 1256 1211 
1428 1444 1450 1199 1372 1161 1189 1105 1371 1272 1527 1114 1170 1371 1301 1197 974 1413 1238 1357 1418 1304 1122 1104 1240 1386 1066 1337 1427 1229 1213 1172 1453 1546 1649 1278 1288 1148 1429 1262 1364 1268 1214 1236 1249 1289 1220 1458 1031 1546 1137 1257 1205 1113 1208 1252 1293 1323 1262 1262 1254 1327 1159 1215 
1634 1493 1535 1432 1499 1493 1356 1406 1539 1233 1765 1304 1451 1301 1551 1356 1218 1538 1398 1360 1761 1555 1246 1330 1410 1677 1330 1666 1449 1259 1440 1272 1470 1583 1801 1303 1541 1281 1488 1611 1412 1475 1427 1331 1546 1501 1285 1550 1384 1630 1399 1416 1445 1135 1337 1511 1390 1425 1518 1505 1669 1640 1292 1415 
