7 8 3 5 0 4 2 9 2 7 0 6 0 6 7 4
0 1 9 8 5 7 2 4 8 7 3 7 0 1 5 3
6 9 5 3 3 0 1 6 2 5 5 1 9 6 8 5
7 6 0 4 3 2 2 2 9 8 1 7 3 7 3 0
2 0 5 9 1 8 0 0 4 9 9 3 5 0 2 6
3 4 9 7 5 0 0 0 1 9 0 5 6 8 4 2
1 6 3 1 0 7 0 4 4 5 9 7 0 6 4 2
3 4 7 1 0 6 9 6 1 9 6 9 7 6 6 4
7 3 6 7 2 6 4 7 4 4 9 0 8 5 7 8
9 6 4 4 6 1 4 3 2 9 0 7 4 0 3 2
9 9 0 1 9 7 8 5 7 6 1 5 7 3 9 5
7 4 2 0 5 6 6 2 7 2 4 8 0 7 5 5
6 7 7 1 2 9 3 5 4 3 7 2 9 1 1 0
2 9 8 7 7 0 2 8 8 8 2 0 6 8 3 9
4 0 7 2 8 8 1 2 2 6 6 2 9 8 8 1
8 1 2 7 8 2 7 4 8 0 5 9 8 4 8 1
